
Beginning torso data output...


Unsorted: 599.1 
Sorted:   599.1 
 median: 599.1
Unsorted: 599.1 569.2 
Sorted:   569.2 599.1 
 median: 584.1
Unsorted: 599.1 569.2 584.9 
Sorted:   569.2 584.9 599.1 
 median: 584.9
Unsorted: 599.1 569.2 584.9 599.1 
Sorted:   569.2 584.9 599.1 599.1 
 median: 592
Unsorted: 599.1 569.2 584.9 599.1 620.5 
Sorted:   569.2 584.9 599.1 599.1 620.5 
 median: 599.1
Unsorted: 599.1 569.2 584.9 599.1 620.5 621.5 
Sorted:   569.2 584.9 599.1 599.1 620.5 621.5 
 median: 599.1
Unsorted: 599.1 569.2 584.9 599.1 620.5 621.5 623   
Sorted:   569.2 584.9 599.1 599.1 620.5 621.5 623   
 median: 599.1
Unsorted: 599.1 569.2 584.9 599.1 620.5 621.5 623   575.2 
Sorted:   569.2 575.2 584.9 599.1 599.1 620.5 621.5 623   
 median: 599.1
Unsorted: 599.1 569.2 584.9 599.1 620.5 621.5 623   575.2 631.2 
Sorted:   569.2 575.2 584.9 599.1 599.1 620.5 621.5 623   631.2 
 median: 599.1
Unsorted: 599.1 569.2 584.9 599.1 620.5 621.5 623   575.2 631.2 649.1 
Sorted:   569.2 575.2 584.9 599.1 599.1 620.5 621.5 623   631.2 649.1 
 median: 609.8
Unsorted: 599.1 569.2 584.9 599.1 620.5 621.5 623   575.2 631.2 649.1 632.2 
Sorted:   569.2 575.2 584.9 599.1 599.1 620.5 621.5 623   631.2 632.2 649.1 
 median: 620.5
Unsorted: 599.1 569.2 584.9 599.1 620.5 621.5 623   575.2 631.2 649.1 632.2 633   
Sorted:   569.2 575.2 584.9 599.1 599.1 620.5 621.5 623   631.2 632.2 633   649.1 
 median: 621
Unsorted: 599.1 569.2 584.9 599.1 620.5 621.5 623   575.2 631.2 649.1 632.2 633   635.1 
Sorted:   569.2 575.2 584.9 599.1 599.1 620.5 621.5 623   631.2 632.2 633   635.1 649.1 
 median: 621.5
Unsorted: 599.1 569.2 584.9 599.1 620.5 621.5 623   575.2 631.2 649.1 632.2 633   635.1 623.3 
Sorted:   569.2 575.2 584.9 599.1 599.1 620.5 621.5 623   623.3 631.2 632.2 633   635.1 649.1 
 median: 622.3
Unsorted: 599.1 569.2 584.9 599.1 620.5 621.5 623   575.2 631.2 649.1 632.2 633   635.1 623.3 
Sorted:   569.2 575.2 584.9 599.1 599.1 620.5 621.5 623   623.3 631.2 632.2 633   635.1 649.1 
 median: 622.3
Unsorted: 599.1 569.2 584.9 599.1 620.5 621.5 623   575.2 631.2 649.1 632.2 633   635.1 623.3 628.5 
Sorted:   569.2 575.2 584.9 599.1 599.1 620.5 621.5 623   623.3 628.5 631.2 632.2 633   635.1 649.1 
 median: 623
Unsorted: 599.1 569.2 584.9 599.1 620.5 621.5 623   575.2 631.2 649.1 632.2 633   635.1 623.3 628.5 612.9 
Sorted:   569.2 575.2 584.9 599.1 599.1 612.9 620.5 621.5 623   623.3 628.5 631.2 632.2 633   635.1 649.1 
 median: 622.3
Unsorted: 599.1 569.2 584.9 599.1 620.5 621.5 623   575.2 631.2 649.1 632.2 633   635.1 623.3 628.5 612.9 
Sorted:   569.2 575.2 584.9 599.1 599.1 612.9 620.5 621.5 623   623.3 628.5 631.2 632.2 633   635.1 649.1 
 median: 622.3
Unsorted: 599.1 569.2 584.9 599.1 620.5 621.5 623   575.2 631.2 649.1 632.2 633   635.1 623.3 628.5 612.9 612.8 
Sorted:   569.2 575.2 584.9 599.1 599.1 612.8 612.9 620.5 621.5 623   623.3 628.5 631.2 632.2 633   635.1 649.1 
 median: 621.5
Unsorted: 599.1 569.2 584.9 599.1 620.5 621.5 623   575.2 631.2 649.1 632.2 633   635.1 623.3 628.5 612.9 612.8 631.2 
Sorted:   569.2 575.2 584.9 599.1 599.1 612.8 612.9 620.5 621.5 623   623.3 628.5 631.2 631.2 632.2 633   635.1 649.1 
 median: 622.3
Unsorted: 599.1 569.2 584.9 599.1 620.5 621.5 623   575.2 631.2 649.1 632.2 633   635.1 623.3 628.5 612.9 612.8 631.2 615.6 
Sorted:   569.2 575.2 584.9 599.1 599.1 612.8 612.9 615.6 620.5 621.5 623   623.3 628.5 631.2 631.2 632.2 633   635.1 649.1 
 median: 621.5
Unsorted: 599.1 569.2 584.9 599.1 620.5 621.5 623   575.2 631.2 649.1 632.2 633   635.1 623.3 628.5 612.9 612.8 631.2 615.6 644.1 
Sorted:   569.2 575.2 584.9 599.1 599.1 612.8 612.9 615.6 620.5 621.5 623   623.3 628.5 631.2 631.2 632.2 633   635.1 644.1 649.1 
 median: 622.3
Unsorted: 599.1 569.2 584.9 599.1 620.5 621.5 623   575.2 631.2 649.1 632.2 633   635.1 623.3 628.5 612.9 612.8 631.2 615.6 644.1 
Sorted:   569.2 575.2 584.9 599.1 599.1 612.8 612.9 615.6 620.5 621.5 623   623.3 628.5 631.2 631.2 632.2 633   635.1 644.1 649.1 
 median: 622.3
Unsorted: 599.1 569.2 584.9 599.1 620.5 621.5 623   575.2 631.2 649.1 632.2 633   635.1 623.3 628.5 612.9 612.8 631.2 615.6 644.1 575.3 
Sorted:   569.2 575.2 575.3 584.9 599.1 599.1 612.8 612.9 615.6 620.5 621.5 623   623.3 628.5 631.2 631.2 632.2 633   635.1 644.1 649.1 
 median: 621.5
Unsorted: 599.1 569.2 584.9 599.1 620.5 621.5 623   575.2 631.2 649.1 632.2 633   635.1 623.3 628.5 612.9 612.8 631.2 615.6 644.1 575.3 594.6 
Sorted:   569.2 575.2 575.3 584.9 594.6 599.1 599.1 612.8 612.9 615.6 620.5 621.5 623   623.3 628.5 631.2 631.2 632.2 633   635.1 644.1 649.1 
 median: 621
Unsorted: 599.1 569.2 584.9 599.1 620.5 621.5 623   575.2 631.2 649.1 632.2 633   635.1 623.3 628.5 612.9 612.8 631.2 615.6 644.1 575.3 594.6 631.5 
Sorted:   569.2 575.2 575.3 584.9 594.6 599.1 599.1 612.8 612.9 615.6 620.5 621.5 623   623.3 628.5 631.2 631.2 631.5 632.2 633   635.1 644.1 649.1 
 median: 621.5
Unsorted: 599.1 569.2 584.9 599.1 620.5 621.5 623   575.2 631.2 649.1 632.2 633   635.1 623.3 628.5 612.9 612.8 631.2 615.6 644.1 575.3 594.6 631.5 592.5 
Sorted:   569.2 575.2 575.3 584.9 592.5 594.6 599.1 599.1 612.8 612.9 615.6 620.5 621.5 623   623.3 628.5 631.2 631.2 631.5 632.2 633   635.1 644.1 649.1 
 median: 621
Unsorted: 599.1 569.2 584.9 599.1 620.5 621.5 623   575.2 631.2 649.1 632.2 633   635.1 623.3 628.5 612.9 612.8 631.2 615.6 644.1 575.3 594.6 631.5 592.5 
Sorted:   569.2 575.2 575.3 584.9 592.5 594.6 599.1 599.1 612.8 612.9 615.6 620.5 621.5 623   623.3 628.5 631.2 631.2 631.5 632.2 633   635.1 644.1 649.1 
 median: 621
Unsorted: 599.1 569.2 584.9 599.1 620.5 621.5 623   575.2 631.2 649.1 632.2 633   635.1 623.3 628.5 612.9 612.8 631.2 615.6 644.1 575.3 594.6 631.5 592.5 654.4 
Sorted:   569.2 575.2 575.3 584.9 592.5 594.6 599.1 599.1 612.8 612.9 615.6 620.5 621.5 623   623.3 628.5 631.2 631.2 631.5 632.2 633   635.1 644.1 649.1 654.4 
 median: 621.5
Unsorted: 599.1 569.2 584.9 599.1 620.5 621.5 623   575.2 631.2 649.1 632.2 633   635.1 623.3 628.5 612.9 612.8 631.2 615.6 644.1 575.3 594.6 631.5 592.5 654.4 646.5 
Sorted:   569.2 575.2 575.3 584.9 592.5 594.6 599.1 599.1 612.8 612.9 615.6 620.5 621.5 623   623.3 628.5 631.2 631.2 631.5 632.2 633   635.1 644.1 646.5 649.1 654.4 
 median: 622.3
Unsorted: 599.1 569.2 584.9 599.1 620.5 621.5 623   575.2 631.2 649.1 632.2 633   635.1 623.3 628.5 612.9 612.8 631.2 615.6 644.1 575.3 594.6 631.5 592.5 654.4 646.5 
Sorted:   569.2 575.2 575.3 584.9 592.5 594.6 599.1 599.1 612.8 612.9 615.6 620.5 621.5 623   623.3 628.5 631.2 631.2 631.5 632.2 633   635.1 644.1 646.5 649.1 654.4 
 median: 622.3
Unsorted: 599.1 569.2 584.9 599.1 620.5 621.5 623   575.2 631.2 649.1 632.2 633   635.1 623.3 628.5 612.9 612.8 631.2 615.6 644.1 575.3 594.6 631.5 592.5 654.4 646.5 
Sorted:   569.2 575.2 575.3 584.9 592.5 594.6 599.1 599.1 612.8 612.9 615.6 620.5 621.5 623   623.3 628.5 631.2 631.2 631.5 632.2 633   635.1 644.1 646.5 649.1 654.4 
 median: 622.3
Unsorted: 599.1 569.2 584.9 599.1 620.5 621.5 623   575.2 631.2 649.1 632.2 633   635.1 623.3 628.5 612.9 612.8 631.2 615.6 644.1 575.3 594.6 631.5 592.5 654.4 646.5 
Sorted:   569.2 575.2 575.3 584.9 592.5 594.6 599.1 599.1 612.8 612.9 615.6 620.5 621.5 623   623.3 628.5 631.2 631.2 631.5 632.2 633   635.1 644.1 646.5 649.1 654.4 
 median: 622.3
Unsorted: 599.1 569.2 584.9 599.1 620.5 621.5 623   575.2 631.2 649.1 632.2 633   635.1 623.3 628.5 612.9 612.8 631.2 615.6 644.1 575.3 594.6 631.5 592.5 654.4 646.5 631.8 
Sorted:   569.2 575.2 575.3 584.9 592.5 594.6 599.1 599.1 612.8 612.9 615.6 620.5 621.5 623   623.3 628.5 631.2 631.2 631.5 631.8 632.2 633   635.1 644.1 646.5 649.1 654.4 
 median: 623
Unsorted: 599.1 569.2 584.9 599.1 620.5 621.5 623   575.2 631.2 649.1 632.2 633   635.1 623.3 628.5 612.9 612.8 631.2 615.6 644.1 575.3 594.6 631.5 592.5 654.4 646.5 631.8 
Sorted:   569.2 575.2 575.3 584.9 592.5 594.6 599.1 599.1 612.8 612.9 615.6 620.5 621.5 623   623.3 628.5 631.2 631.2 631.5 631.8 632.2 633   635.1 644.1 646.5 649.1 654.4 
 median: 623
Unsorted: 599.1 569.2 584.9 599.1 620.5 621.5 623   575.2 631.2 649.1 632.2 633   635.1 623.3 628.5 612.9 612.8 631.2 615.6 644.1 575.3 594.6 631.5 592.5 654.4 646.5 631.8 578.1 
Sorted:   569.2 575.2 575.3 578.1 584.9 592.5 594.6 599.1 599.1 612.8 612.9 615.6 620.5 621.5 623   623.3 628.5 631.2 631.2 631.5 631.8 632.2 633   635.1 644.1 646.5 649.1 654.4 
 median: 622.3
Unsorted: 599.1 569.2 584.9 599.1 620.5 621.5 623   575.2 631.2 649.1 632.2 633   635.1 623.3 628.5 612.9 612.8 631.2 615.6 644.1 575.3 594.6 631.5 592.5 654.4 646.5 631.8 578.1 
Sorted:   569.2 575.2 575.3 578.1 584.9 592.5 594.6 599.1 599.1 612.8 612.9 615.6 620.5 621.5 623   623.3 628.5 631.2 631.2 631.5 631.8 632.2 633   635.1 644.1 646.5 649.1 654.4 
 median: 622.3
Unsorted: 599.1 569.2 584.9 599.1 620.5 621.5 623   575.2 631.2 649.1 632.2 633   635.1 623.3 628.5 612.9 612.8 631.2 615.6 644.1 575.3 594.6 631.5 592.5 654.4 646.5 631.8 578.1 
Sorted:   569.2 575.2 575.3 578.1 584.9 592.5 594.6 599.1 599.1 612.8 612.9 615.6 620.5 621.5 623   623.3 628.5 631.2 631.2 631.5 631.8 632.2 633   635.1 644.1 646.5 649.1 654.4 
 median: 622.3
Unsorted: 599.1 569.2 584.9 599.1 620.5 621.5 623   575.2 631.2 649.1 632.2 633   635.1 623.3 628.5 612.9 612.8 631.2 615.6 644.1 575.3 594.6 631.5 592.5 654.4 646.5 631.8 578.1 
Sorted:   569.2 575.2 575.3 578.1 584.9 592.5 594.6 599.1 599.1 612.8 612.9 615.6 620.5 621.5 623   623.3 628.5 631.2 631.2 631.5 631.8 632.2 633   635.1 644.1 646.5 649.1 654.4 
 median: 622.3
Unsorted: 599.1 569.2 584.9 599.1 620.5 621.5 623   575.2 631.2 649.1 632.2 633   635.1 623.3 628.5 612.9 612.8 631.2 615.6 644.1 575.3 594.6 631.5 592.5 654.4 646.5 631.8 578.1 601.3 
Sorted:   569.2 575.2 575.3 578.1 584.9 592.5 594.6 599.1 599.1 601.3 612.8 612.9 615.6 620.5 621.5 623   623.3 628.5 631.2 631.2 631.5 631.8 632.2 633   635.1 644.1 646.5 649.1 654.4 
 median: 621.5
Unsorted: 599.1 569.2 584.9 599.1 620.5 621.5 623   575.2 631.2 649.1 632.2 633   635.1 623.3 628.5 612.9 612.8 631.2 615.6 644.1 575.3 594.6 631.5 592.5 654.4 646.5 631.8 578.1 601.3 
Sorted:   569.2 575.2 575.3 578.1 584.9 592.5 594.6 599.1 599.1 601.3 612.8 612.9 615.6 620.5 621.5 623   623.3 628.5 631.2 631.2 631.5 631.8 632.2 633   635.1 644.1 646.5 649.1 654.4 
 median: 621.5
Unsorted: 599.1 569.2 584.9 599.1 620.5 621.5 623   575.2 631.2 649.1 632.2 633   635.1 623.3 628.5 612.9 612.8 631.2 615.6 644.1 575.3 594.6 631.5 592.5 654.4 646.5 631.8 578.1 601.3 
Sorted:   569.2 575.2 575.3 578.1 584.9 592.5 594.6 599.1 599.1 601.3 612.8 612.9 615.6 620.5 621.5 623   623.3 628.5 631.2 631.2 631.5 631.8 632.2 633   635.1 644.1 646.5 649.1 654.4 
 median: 621.5
Unsorted: 599.1 569.2 584.9 599.1 620.5 621.5 623   575.2 631.2 649.1 632.2 633   635.1 623.3 628.5 612.9 612.8 631.2 615.6 644.1 575.3 594.6 631.5 592.5 654.4 646.5 631.8 578.1 601.3 
Sorted:   569.2 575.2 575.3 578.1 584.9 592.5 594.6 599.1 599.1 601.3 612.8 612.9 615.6 620.5 621.5 623   623.3 628.5 631.2 631.2 631.5 631.8 632.2 633   635.1 644.1 646.5 649.1 654.4 
 median: 621.5
Unsorted: 599.1 569.2 584.9 599.1 620.5 621.5 623   575.2 631.2 649.1 632.2 633   635.1 623.3 628.5 612.9 612.8 631.2 615.6 644.1 575.3 594.6 631.5 592.5 654.4 646.5 631.8 578.1 601.3 585.7 
Sorted:   569.2 575.2 575.3 578.1 584.9 585.7 592.5 594.6 599.1 599.1 601.3 612.8 612.9 615.6 620.5 621.5 623   623.3 628.5 631.2 631.2 631.5 631.8 632.2 633   635.1 644.1 646.5 649.1 654.4 
 median: 621
Unsorted: 599.1 569.2 584.9 599.1 620.5 621.5 623   575.2 631.2 649.1 632.2 633   635.1 623.3 628.5 612.9 612.8 631.2 615.6 644.1 575.3 594.6 631.5 592.5 654.4 646.5 631.8 578.1 601.3 585.7 
Sorted:   569.2 575.2 575.3 578.1 584.9 585.7 592.5 594.6 599.1 599.1 601.3 612.8 612.9 615.6 620.5 621.5 623   623.3 628.5 631.2 631.2 631.5 631.8 632.2 633   635.1 644.1 646.5 649.1 654.4 
 median: 621
Unsorted: 599.1 569.2 584.9 599.1 620.5 621.5 623   575.2 631.2 649.1 632.2 633   635.1 623.3 628.5 612.9 612.8 631.2 615.6 644.1 575.3 594.6 631.5 592.5 654.4 646.5 631.8 578.1 601.3 585.7 598.6 
Sorted:   569.2 575.2 575.3 578.1 584.9 585.7 592.5 594.6 598.6 599.1 599.1 601.3 612.8 612.9 615.6 620.5 621.5 623   623.3 628.5 631.2 631.2 631.5 631.8 632.2 633   635.1 644.1 646.5 649.1 654.4 
 median: 620.5
Unsorted: 599.1 569.2 584.9 599.1 620.5 621.5 623   575.2 631.2 649.1 632.2 633   635.1 623.3 628.5 612.9 612.8 631.2 615.6 644.1 575.3 594.6 631.5 592.5 654.4 646.5 631.8 578.1 601.3 585.7 598.6 
Sorted:   569.2 575.2 575.3 578.1 584.9 585.7 592.5 594.6 598.6 599.1 599.1 601.3 612.8 612.9 615.6 620.5 621.5 623   623.3 628.5 631.2 631.2 631.5 631.8 632.2 633   635.1 644.1 646.5 649.1 654.4 
 median: 620.5
Unsorted: 599.1 569.2 584.9 599.1 620.5 621.5 623   575.2 631.2 649.1 632.2 633   635.1 623.3 628.5 612.9 612.8 631.2 615.6 644.1 575.3 594.6 631.5 592.5 654.4 646.5 631.8 578.1 601.3 585.7 598.6 
Sorted:   569.2 575.2 575.3 578.1 584.9 585.7 592.5 594.6 598.6 599.1 599.1 601.3 612.8 612.9 615.6 620.5 621.5 623   623.3 628.5 631.2 631.2 631.5 631.8 632.2 633   635.1 644.1 646.5 649.1 654.4 
 median: 620.5
Unsorted: 599.1 569.2 584.9 599.1 620.5 621.5 623   575.2 631.2 649.1 632.2 633   635.1 623.3 628.5 612.9 612.8 631.2 615.6 644.1 575.3 594.6 631.5 592.5 654.4 646.5 631.8 578.1 601.3 585.7 598.6 647.6 
Sorted:   569.2 575.2 575.3 578.1 584.9 585.7 592.5 594.6 598.6 599.1 599.1 601.3 612.8 612.9 615.6 620.5 621.5 623   623.3 628.5 631.2 631.2 631.5 631.8 632.2 633   635.1 644.1 646.5 647.6 649.1 654.4 
 median: 621
Unsorted: 599.1 569.2 584.9 599.1 620.5 621.5 623   575.2 631.2 649.1 632.2 633   635.1 623.3 628.5 612.9 612.8 631.2 615.6 644.1 575.3 594.6 631.5 592.5 654.4 646.5 631.8 578.1 601.3 585.7 598.6 647.6 565.1 
Sorted:   565.1 569.2 575.2 575.3 578.1 584.9 585.7 592.5 594.6 598.6 599.1 599.1 601.3 612.8 612.9 615.6 620.5 621.5 623   623.3 628.5 631.2 631.2 631.5 631.8 632.2 633   635.1 644.1 646.5 647.6 649.1 654.4 
 median: 620.5
Unsorted: 599.1 569.2 584.9 599.1 620.5 621.5 623   575.2 631.2 649.1 632.2 633   635.1 623.3 628.5 612.9 612.8 631.2 615.6 644.1 575.3 594.6 631.5 592.5 654.4 646.5 631.8 578.1 601.3 585.7 598.6 647.6 565.1 573.4 
Sorted:   565.1 569.2 573.4 575.2 575.3 578.1 584.9 585.7 592.5 594.6 598.6 599.1 599.1 601.3 612.8 612.9 615.6 620.5 621.5 623   623.3 628.5 631.2 631.2 631.5 631.8 632.2 633   635.1 644.1 646.5 647.6 649.1 654.4 
 median: 618
Unsorted: 599.1 569.2 584.9 599.1 620.5 621.5 623   575.2 631.2 649.1 632.2 633   635.1 623.3 628.5 612.9 612.8 631.2 615.6 644.1 575.3 594.6 631.5 592.5 654.4 646.5 631.8 578.1 601.3 585.7 598.6 647.6 565.1 573.4 
Sorted:   565.1 569.2 573.4 575.2 575.3 578.1 584.9 585.7 592.5 594.6 598.6 599.1 599.1 601.3 612.8 612.9 615.6 620.5 621.5 623   623.3 628.5 631.2 631.2 631.5 631.8 632.2 633   635.1 644.1 646.5 647.6 649.1 654.4 
 median: 618
Unsorted: 599.1 569.2 584.9 599.1 620.5 621.5 623   575.2 631.2 649.1 632.2 633   635.1 623.3 628.5 612.9 612.8 631.2 615.6 644.1 575.3 594.6 631.5 592.5 654.4 646.5 631.8 578.1 601.3 585.7 598.6 647.6 565.1 573.4 
Sorted:   565.1 569.2 573.4 575.2 575.3 578.1 584.9 585.7 592.5 594.6 598.6 599.1 599.1 601.3 612.8 612.9 615.6 620.5 621.5 623   623.3 628.5 631.2 631.2 631.5 631.8 632.2 633   635.1 644.1 646.5 647.6 649.1 654.4 
 median: 618
Unsorted: 599.1 569.2 584.9 599.1 620.5 621.5 623   575.2 631.2 649.1 632.2 633   635.1 623.3 628.5 612.9 612.8 631.2 615.6 644.1 575.3 594.6 631.5 592.5 654.4 646.5 631.8 578.1 601.3 585.7 598.6 647.6 565.1 573.4 
Sorted:   565.1 569.2 573.4 575.2 575.3 578.1 584.9 585.7 592.5 594.6 598.6 599.1 599.1 601.3 612.8 612.9 615.6 620.5 621.5 623   623.3 628.5 631.2 631.2 631.5 631.8 632.2 633   635.1 644.1 646.5 647.6 649.1 654.4 
 median: 618
Unsorted: 599.1 569.2 584.9 599.1 620.5 621.5 623   575.2 631.2 649.1 632.2 633   635.1 623.3 628.5 612.9 612.8 631.2 615.6 644.1 575.3 594.6 631.5 592.5 654.4 646.5 631.8 578.1 601.3 585.7 598.6 647.6 565.1 573.4 
Sorted:   565.1 569.2 573.4 575.2 575.3 578.1 584.9 585.7 592.5 594.6 598.6 599.1 599.1 601.3 612.8 612.9 615.6 620.5 621.5 623   623.3 628.5 631.2 631.2 631.5 631.8 632.2 633   635.1 644.1 646.5 647.6 649.1 654.4 
 median: 618
Unsorted: 599.1 569.2 584.9 599.1 620.5 621.5 623   575.2 631.2 649.1 632.2 633   635.1 623.3 628.5 612.9 612.8 631.2 615.6 644.1 575.3 594.6 631.5 592.5 654.4 646.5 631.8 578.1 601.3 585.7 598.6 647.6 565.1 573.4 
Sorted:   565.1 569.2 573.4 575.2 575.3 578.1 584.9 585.7 592.5 594.6 598.6 599.1 599.1 601.3 612.8 612.9 615.6 620.5 621.5 623   623.3 628.5 631.2 631.2 631.5 631.8 632.2 633   635.1 644.1 646.5 647.6 649.1 654.4 
 median: 618
Unsorted: 599.1 569.2 584.9 599.1 620.5 621.5 623   575.2 631.2 649.1 632.2 633   635.1 623.3 628.5 612.9 612.8 631.2 615.6 644.1 575.3 594.6 631.5 592.5 654.4 646.5 631.8 578.1 601.3 585.7 598.6 647.6 565.1 573.4 
Sorted:   565.1 569.2 573.4 575.2 575.3 578.1 584.9 585.7 592.5 594.6 598.6 599.1 599.1 601.3 612.8 612.9 615.6 620.5 621.5 623   623.3 628.5 631.2 631.2 631.5 631.8 632.2 633   635.1 644.1 646.5 647.6 649.1 654.4 
 median: 618
Unsorted: 599.1 569.2 584.9 599.1 620.5 621.5 623   575.2 631.2 649.1 632.2 633   635.1 623.3 628.5 612.9 612.8 631.2 615.6 644.1 575.3 594.6 631.5 592.5 654.4 646.5 631.8 578.1 601.3 585.7 598.6 647.6 565.1 573.4 
Sorted:   565.1 569.2 573.4 575.2 575.3 578.1 584.9 585.7 592.5 594.6 598.6 599.1 599.1 601.3 612.8 612.9 615.6 620.5 621.5 623   623.3 628.5 631.2 631.2 631.5 631.8 632.2 633   635.1 644.1 646.5 647.6 649.1 654.4 
 median: 618
Unsorted: 599.1 569.2 584.9 599.1 620.5 621.5 623   575.2 631.2 649.1 632.2 633   635.1 623.3 628.5 612.9 612.8 631.2 615.6 644.1 575.3 594.6 631.5 592.5 654.4 646.5 631.8 578.1 601.3 585.7 598.6 647.6 565.1 573.4 
Sorted:   565.1 569.2 573.4 575.2 575.3 578.1 584.9 585.7 592.5 594.6 598.6 599.1 599.1 601.3 612.8 612.9 615.6 620.5 621.5 623   623.3 628.5 631.2 631.2 631.5 631.8 632.2 633   635.1 644.1 646.5 647.6 649.1 654.4 
 median: 618
Unsorted: 599.1 569.2 584.9 599.1 620.5 621.5 623   575.2 631.2 649.1 632.2 633   635.1 623.3 628.5 612.9 612.8 631.2 615.6 644.1 575.3 594.6 631.5 592.5 654.4 646.5 631.8 578.1 601.3 585.7 598.6 647.6 565.1 573.4 
Sorted:   565.1 569.2 573.4 575.2 575.3 578.1 584.9 585.7 592.5 594.6 598.6 599.1 599.1 601.3 612.8 612.9 615.6 620.5 621.5 623   623.3 628.5 631.2 631.2 631.5 631.8 632.2 633   635.1 644.1 646.5 647.6 649.1 654.4 
 median: 618
Unsorted: 599.1 569.2 584.9 599.1 620.5 621.5 623   575.2 631.2 649.1 632.2 633   635.1 623.3 628.5 612.9 612.8 631.2 615.6 644.1 575.3 594.6 631.5 592.5 654.4 646.5 631.8 578.1 601.3 585.7 598.6 647.6 565.1 573.4 
Sorted:   565.1 569.2 573.4 575.2 575.3 578.1 584.9 585.7 592.5 594.6 598.6 599.1 599.1 601.3 612.8 612.9 615.6 620.5 621.5 623   623.3 628.5 631.2 631.2 631.5 631.8 632.2 633   635.1 644.1 646.5 647.6 649.1 654.4 
 median: 618
Unsorted: 599.1 569.2 584.9 599.1 620.5 621.5 623   575.2 631.2 649.1 632.2 633   635.1 623.3 628.5 612.9 612.8 631.2 615.6 644.1 575.3 594.6 631.5 592.5 654.4 646.5 631.8 578.1 601.3 585.7 598.6 647.6 565.1 573.4 
Sorted:   565.1 569.2 573.4 575.2 575.3 578.1 584.9 585.7 592.5 594.6 598.6 599.1 599.1 601.3 612.8 612.9 615.6 620.5 621.5 623   623.3 628.5 631.2 631.2 631.5 631.8 632.2 633   635.1 644.1 646.5 647.6 649.1 654.4 
 median: 618
Unsorted: 599.1 569.2 584.9 599.1 620.5 621.5 623   575.2 631.2 649.1 632.2 633   635.1 623.3 628.5 612.9 612.8 631.2 615.6 644.1 575.3 594.6 631.5 592.5 654.4 646.5 631.8 578.1 601.3 585.7 598.6 647.6 565.1 573.4 
Sorted:   565.1 569.2 573.4 575.2 575.3 578.1 584.9 585.7 592.5 594.6 598.6 599.1 599.1 601.3 612.8 612.9 615.6 620.5 621.5 623   623.3 628.5 631.2 631.2 631.5 631.8 632.2 633   635.1 644.1 646.5 647.6 649.1 654.4 
 median: 618
Unsorted: 599.1 569.2 584.9 599.1 620.5 621.5 623   575.2 631.2 649.1 632.2 633   635.1 623.3 628.5 612.9 612.8 631.2 615.6 644.1 575.3 594.6 631.5 592.5 654.4 646.5 631.8 578.1 601.3 585.7 598.6 647.6 565.1 573.4 
Sorted:   565.1 569.2 573.4 575.2 575.3 578.1 584.9 585.7 592.5 594.6 598.6 599.1 599.1 601.3 612.8 612.9 615.6 620.5 621.5 623   623.3 628.5 631.2 631.2 631.5 631.8 632.2 633   635.1 644.1 646.5 647.6 649.1 654.4 
 median: 618
Unsorted: 599.1 569.2 584.9 599.1 620.5 621.5 623   575.2 631.2 649.1 632.2 633   635.1 623.3 628.5 612.9 612.8 631.2 615.6 644.1 575.3 594.6 631.5 592.5 654.4 646.5 631.8 578.1 601.3 585.7 598.6 647.6 565.1 573.4 
Sorted:   565.1 569.2 573.4 575.2 575.3 578.1 584.9 585.7 592.5 594.6 598.6 599.1 599.1 601.3 612.8 612.9 615.6 620.5 621.5 623   623.3 628.5 631.2 631.2 631.5 631.8 632.2 633   635.1 644.1 646.5 647.6 649.1 654.4 
 median: 618
Unsorted: 599.1 569.2 584.9 599.1 620.5 621.5 623   575.2 631.2 649.1 632.2 633   635.1 623.3 628.5 612.9 612.8 631.2 615.6 644.1 575.3 594.6 631.5 592.5 654.4 646.5 631.8 578.1 601.3 585.7 598.6 647.6 565.1 573.4 
Sorted:   565.1 569.2 573.4 575.2 575.3 578.1 584.9 585.7 592.5 594.6 598.6 599.1 599.1 601.3 612.8 612.9 615.6 620.5 621.5 623   623.3 628.5 631.2 631.2 631.5 631.8 632.2 633   635.1 644.1 646.5 647.6 649.1 654.4 
 median: 618
Unsorted: 599.1 569.2 584.9 599.1 620.5 621.5 623   575.2 631.2 649.1 632.2 633   635.1 623.3 628.5 612.9 612.8 631.2 615.6 644.1 575.3 594.6 631.5 592.5 654.4 646.5 631.8 578.1 601.3 585.7 598.6 647.6 565.1 573.4 
Sorted:   565.1 569.2 573.4 575.2 575.3 578.1 584.9 585.7 592.5 594.6 598.6 599.1 599.1 601.3 612.8 612.9 615.6 620.5 621.5 623   623.3 628.5 631.2 631.2 631.5 631.8 632.2 633   635.1 644.1 646.5 647.6 649.1 654.4 
 median: 618
Unsorted: 599.1 569.2 584.9 599.1 620.5 621.5 623   575.2 631.2 649.1 632.2 633   635.1 623.3 628.5 612.9 612.8 631.2 615.6 644.1 575.3 594.6 631.5 592.5 654.4 646.5 631.8 578.1 601.3 585.7 598.6 647.6 565.1 573.4 
Sorted:   565.1 569.2 573.4 575.2 575.3 578.1 584.9 585.7 592.5 594.6 598.6 599.1 599.1 601.3 612.8 612.9 615.6 620.5 621.5 623   623.3 628.5 631.2 631.2 631.5 631.8 632.2 633   635.1 644.1 646.5 647.6 649.1 654.4 
 median: 618
Unsorted: 599.1 569.2 584.9 599.1 620.5 621.5 623   575.2 631.2 649.1 632.2 633   635.1 623.3 628.5 612.9 612.8 631.2 615.6 644.1 575.3 594.6 631.5 592.5 654.4 646.5 631.8 578.1 601.3 585.7 598.6 647.6 565.1 573.4 
Sorted:   565.1 569.2 573.4 575.2 575.3 578.1 584.9 585.7 592.5 594.6 598.6 599.1 599.1 601.3 612.8 612.9 615.6 620.5 621.5 623   623.3 628.5 631.2 631.2 631.5 631.8 632.2 633   635.1 644.1 646.5 647.6 649.1 654.4 
 median: 618
Unsorted: 599.1 569.2 584.9 599.1 620.5 621.5 623   575.2 631.2 649.1 632.2 633   635.1 623.3 628.5 612.9 612.8 631.2 615.6 644.1 575.3 594.6 631.5 592.5 654.4 646.5 631.8 578.1 601.3 585.7 598.6 647.6 565.1 573.4 
Sorted:   565.1 569.2 573.4 575.2 575.3 578.1 584.9 585.7 592.5 594.6 598.6 599.1 599.1 601.3 612.8 612.9 615.6 620.5 621.5 623   623.3 628.5 631.2 631.2 631.5 631.8 632.2 633   635.1 644.1 646.5 647.6 649.1 654.4 
 median: 618
Unsorted: 599.1 569.2 584.9 599.1 620.5 621.5 623   575.2 631.2 649.1 632.2 633   635.1 623.3 628.5 612.9 612.8 631.2 615.6 644.1 575.3 594.6 631.5 592.5 654.4 646.5 631.8 578.1 601.3 585.7 598.6 647.6 565.1 573.4 481.6 
Sorted:   481.6 565.1 569.2 573.4 575.2 575.3 578.1 584.9 585.7 592.5 594.6 598.6 599.1 599.1 601.3 612.8 612.9 615.6 620.5 621.5 623   623.3 628.5 631.2 631.2 631.5 631.8 632.2 633   635.1 644.1 646.5 647.6 649.1 654.4 
 median: 615.6
Unsorted: 599.1 569.2 584.9 599.1 620.5 621.5 623   575.2 631.2 649.1 632.2 633   635.1 623.3 628.5 612.9 612.8 631.2 615.6 644.1 575.3 594.6 631.5 592.5 654.4 646.5 631.8 578.1 601.3 585.7 598.6 647.6 565.1 573.4 481.6 
Sorted:   481.6 565.1 569.2 573.4 575.2 575.3 578.1 584.9 585.7 592.5 594.6 598.6 599.1 599.1 601.3 612.8 612.9 615.6 620.5 621.5 623   623.3 628.5 631.2 631.2 631.5 631.8 632.2 633   635.1 644.1 646.5 647.6 649.1 654.4 
 median: 615.6
Unsorted: 599.1 569.2 584.9 599.1 620.5 621.5 623   575.2 631.2 649.1 632.2 633   635.1 623.3 628.5 612.9 612.8 631.2 615.6 644.1 575.3 594.6 631.5 592.5 654.4 646.5 631.8 578.1 601.3 585.7 598.6 647.6 565.1 573.4 481.6 
Sorted:   481.6 565.1 569.2 573.4 575.2 575.3 578.1 584.9 585.7 592.5 594.6 598.6 599.1 599.1 601.3 612.8 612.9 615.6 620.5 621.5 623   623.3 628.5 631.2 631.2 631.5 631.8 632.2 633   635.1 644.1 646.5 647.6 649.1 654.4 
 median: 615.6
Unsorted: 599.1 569.2 584.9 599.1 620.5 621.5 623   575.2 631.2 649.1 632.2 633   635.1 623.3 628.5 612.9 612.8 631.2 615.6 644.1 575.3 594.6 631.5 592.5 654.4 646.5 631.8 578.1 601.3 585.7 598.6 647.6 565.1 573.4 481.6 471.7 
Sorted:   471.7 481.6 565.1 569.2 573.4 575.2 575.3 578.1 584.9 585.7 592.5 594.6 598.6 599.1 599.1 601.3 612.8 612.9 615.6 620.5 621.5 623   623.3 628.5 631.2 631.2 631.5 631.8 632.2 633   635.1 644.1 646.5 647.6 649.1 654.4 
 median: 614.2
Unsorted: 599.1 569.2 584.9 599.1 620.5 621.5 623   575.2 631.2 649.1 632.2 633   635.1 623.3 628.5 612.9 612.8 631.2 615.6 644.1 575.3 594.6 631.5 592.5 654.4 646.5 631.8 578.1 601.3 585.7 598.6 647.6 565.1 573.4 481.6 471.7 
Sorted:   471.7 481.6 565.1 569.2 573.4 575.2 575.3 578.1 584.9 585.7 592.5 594.6 598.6 599.1 599.1 601.3 612.8 612.9 615.6 620.5 621.5 623   623.3 628.5 631.2 631.2 631.5 631.8 632.2 633   635.1 644.1 646.5 647.6 649.1 654.4 
 median: 614.2
Unsorted: 599.1 569.2 584.9 599.1 620.5 621.5 623   575.2 631.2 649.1 632.2 633   635.1 623.3 628.5 612.9 612.8 631.2 615.6 644.1 575.3 594.6 631.5 592.5 654.4 646.5 631.8 578.1 601.3 585.7 598.6 647.6 565.1 573.4 481.6 471.7 
Sorted:   471.7 481.6 565.1 569.2 573.4 575.2 575.3 578.1 584.9 585.7 592.5 594.6 598.6 599.1 599.1 601.3 612.8 612.9 615.6 620.5 621.5 623   623.3 628.5 631.2 631.2 631.5 631.8 632.2 633   635.1 644.1 646.5 647.6 649.1 654.4 
 median: 614.2
Unsorted: 599.1 569.2 584.9 599.1 620.5 621.5 623   575.2 631.2 649.1 632.2 633   635.1 623.3 628.5 612.9 612.8 631.2 615.6 644.1 575.3 594.6 631.5 592.5 654.4 646.5 631.8 578.1 601.3 585.7 598.6 647.6 565.1 573.4 481.6 471.7 
Sorted:   471.7 481.6 565.1 569.2 573.4 575.2 575.3 578.1 584.9 585.7 592.5 594.6 598.6 599.1 599.1 601.3 612.8 612.9 615.6 620.5 621.5 623   623.3 628.5 631.2 631.2 631.5 631.8 632.2 633   635.1 644.1 646.5 647.6 649.1 654.4 
 median: 614.2
Unsorted: 599.1 569.2 584.9 599.1 620.5 621.5 623   575.2 631.2 649.1 632.2 633   635.1 623.3 628.5 612.9 612.8 631.2 615.6 644.1 575.3 594.6 631.5 592.5 654.4 646.5 631.8 578.1 601.3 585.7 598.6 647.6 565.1 573.4 481.6 471.7 
Sorted:   471.7 481.6 565.1 569.2 573.4 575.2 575.3 578.1 584.9 585.7 592.5 594.6 598.6 599.1 599.1 601.3 612.8 612.9 615.6 620.5 621.5 623   623.3 628.5 631.2 631.2 631.5 631.8 632.2 633   635.1 644.1 646.5 647.6 649.1 654.4 
 median: 614.2
Unsorted: 599.1 569.2 584.9 599.1 620.5 621.5 623   575.2 631.2 649.1 632.2 633   635.1 623.3 628.5 612.9 612.8 631.2 615.6 644.1 575.3 594.6 631.5 592.5 654.4 646.5 631.8 578.1 601.3 585.7 598.6 647.6 565.1 573.4 481.6 471.7 
Sorted:   471.7 481.6 565.1 569.2 573.4 575.2 575.3 578.1 584.9 585.7 592.5 594.6 598.6 599.1 599.1 601.3 612.8 612.9 615.6 620.5 621.5 623   623.3 628.5 631.2 631.2 631.5 631.8 632.2 633   635.1 644.1 646.5 647.6 649.1 654.4 
 median: 614.2
Unsorted: 599.1 569.2 584.9 599.1 620.5 621.5 623   575.2 631.2 649.1 632.2 633   635.1 623.3 628.5 612.9 612.8 631.2 615.6 644.1 575.3 594.6 631.5 592.5 654.4 646.5 631.8 578.1 601.3 585.7 598.6 647.6 565.1 573.4 481.6 471.7 
Sorted:   471.7 481.6 565.1 569.2 573.4 575.2 575.3 578.1 584.9 585.7 592.5 594.6 598.6 599.1 599.1 601.3 612.8 612.9 615.6 620.5 621.5 623   623.3 628.5 631.2 631.2 631.5 631.8 632.2 633   635.1 644.1 646.5 647.6 649.1 654.4 
 median: 614.2
Unsorted: 599.1 569.2 584.9 599.1 620.5 621.5 623   575.2 631.2 649.1 632.2 633   635.1 623.3 628.5 612.9 612.8 631.2 615.6 644.1 575.3 594.6 631.5 592.5 654.4 646.5 631.8 578.1 601.3 585.7 598.6 647.6 565.1 573.4 481.6 471.7 
Sorted:   471.7 481.6 565.1 569.2 573.4 575.2 575.3 578.1 584.9 585.7 592.5 594.6 598.6 599.1 599.1 601.3 612.8 612.9 615.6 620.5 621.5 623   623.3 628.5 631.2 631.2 631.5 631.8 632.2 633   635.1 644.1 646.5 647.6 649.1 654.4 
 median: 614.2
Unsorted: 599.1 569.2 584.9 599.1 620.5 621.5 623   575.2 631.2 649.1 632.2 633   635.1 623.3 628.5 612.9 612.8 631.2 615.6 644.1 575.3 594.6 631.5 592.5 654.4 646.5 631.8 578.1 601.3 585.7 598.6 647.6 565.1 573.4 481.6 471.7 
Sorted:   471.7 481.6 565.1 569.2 573.4 575.2 575.3 578.1 584.9 585.7 592.5 594.6 598.6 599.1 599.1 601.3 612.8 612.9 615.6 620.5 621.5 623   623.3 628.5 631.2 631.2 631.5 631.8 632.2 633   635.1 644.1 646.5 647.6 649.1 654.4 
 median: 614.2
Unsorted: 599.1 569.2 584.9 599.1 620.5 621.5 623   575.2 631.2 649.1 632.2 633   635.1 623.3 628.5 612.9 612.8 631.2 615.6 644.1 575.3 594.6 631.5 592.5 654.4 646.5 631.8 578.1 601.3 585.7 598.6 647.6 565.1 573.4 481.6 471.7 
Sorted:   471.7 481.6 565.1 569.2 573.4 575.2 575.3 578.1 584.9 585.7 592.5 594.6 598.6 599.1 599.1 601.3 612.8 612.9 615.6 620.5 621.5 623   623.3 628.5 631.2 631.2 631.5 631.8 632.2 633   635.1 644.1 646.5 647.6 649.1 654.4 
 median: 614.2
Unsorted: 599.1 569.2 584.9 599.1 620.5 621.5 623   575.2 631.2 649.1 632.2 633   635.1 623.3 628.5 612.9 612.8 631.2 615.6 644.1 575.3 594.6 631.5 592.5 654.4 646.5 631.8 578.1 601.3 585.7 598.6 647.6 565.1 573.4 481.6 471.7 
Sorted:   471.7 481.6 565.1 569.2 573.4 575.2 575.3 578.1 584.9 585.7 592.5 594.6 598.6 599.1 599.1 601.3 612.8 612.9 615.6 620.5 621.5 623   623.3 628.5 631.2 631.2 631.5 631.8 632.2 633   635.1 644.1 646.5 647.6 649.1 654.4 
 median: 614.2
Unsorted: 599.1 569.2 584.9 599.1 620.5 621.5 623   575.2 631.2 649.1 632.2 633   635.1 623.3 628.5 612.9 612.8 631.2 615.6 644.1 575.3 594.6 631.5 592.5 654.4 646.5 631.8 578.1 601.3 585.7 598.6 647.6 565.1 573.4 481.6 471.7 
Sorted:   471.7 481.6 565.1 569.2 573.4 575.2 575.3 578.1 584.9 585.7 592.5 594.6 598.6 599.1 599.1 601.3 612.8 612.9 615.6 620.5 621.5 623   623.3 628.5 631.2 631.2 631.5 631.8 632.2 633   635.1 644.1 646.5 647.6 649.1 654.4 
 median: 614.2
Unsorted: 599.1 569.2 584.9 599.1 620.5 621.5 623   575.2 631.2 649.1 632.2 633   635.1 623.3 628.5 612.9 612.8 631.2 615.6 644.1 575.3 594.6 631.5 592.5 654.4 646.5 631.8 578.1 601.3 585.7 598.6 647.6 565.1 573.4 481.6 471.7 
Sorted:   471.7 481.6 565.1 569.2 573.4 575.2 575.3 578.1 584.9 585.7 592.5 594.6 598.6 599.1 599.1 601.3 612.8 612.9 615.6 620.5 621.5 623   623.3 628.5 631.2 631.2 631.5 631.8 632.2 633   635.1 644.1 646.5 647.6 649.1 654.4 
 median: 614.2
Unsorted: 599.1 569.2 584.9 599.1 620.5 621.5 623   575.2 631.2 649.1 632.2 633   635.1 623.3 628.5 612.9 612.8 631.2 615.6 644.1 575.3 594.6 631.5 592.5 654.4 646.5 631.8 578.1 601.3 585.7 598.6 647.6 565.1 573.4 481.6 471.7 
Sorted:   471.7 481.6 565.1 569.2 573.4 575.2 575.3 578.1 584.9 585.7 592.5 594.6 598.6 599.1 599.1 601.3 612.8 612.9 615.6 620.5 621.5 623   623.3 628.5 631.2 631.2 631.5 631.8 632.2 633   635.1 644.1 646.5 647.6 649.1 654.4 
 median: 614.2
Unsorted: 599.1 569.2 584.9 599.1 620.5 621.5 623   575.2 631.2 649.1 632.2 633   635.1 623.3 628.5 612.9 612.8 631.2 615.6 644.1 575.3 594.6 631.5 592.5 654.4 646.5 631.8 578.1 601.3 585.7 598.6 647.6 565.1 573.4 481.6 471.7 
Sorted:   471.7 481.6 565.1 569.2 573.4 575.2 575.3 578.1 584.9 585.7 592.5 594.6 598.6 599.1 599.1 601.3 612.8 612.9 615.6 620.5 621.5 623   623.3 628.5 631.2 631.2 631.5 631.8 632.2 633   635.1 644.1 646.5 647.6 649.1 654.4 
 median: 614.2
Unsorted: 599.1 569.2 584.9 599.1 620.5 621.5 623   575.2 631.2 649.1 632.2 633   635.1 623.3 628.5 612.9 612.8 631.2 615.6 644.1 575.3 594.6 631.5 592.5 654.4 646.5 631.8 578.1 601.3 585.7 598.6 647.6 565.1 573.4 481.6 471.7 
Sorted:   471.7 481.6 565.1 569.2 573.4 575.2 575.3 578.1 584.9 585.7 592.5 594.6 598.6 599.1 599.1 601.3 612.8 612.9 615.6 620.5 621.5 623   623.3 628.5 631.2 631.2 631.5 631.8 632.2 633   635.1 644.1 646.5 647.6 649.1 654.4 
 median: 614.2
Unsorted: 599.1 569.2 584.9 599.1 620.5 621.5 623   575.2 631.2 649.1 632.2 633   635.1 623.3 628.5 612.9 612.8 631.2 615.6 644.1 575.3 594.6 631.5 592.5 654.4 646.5 631.8 578.1 601.3 585.7 598.6 647.6 565.1 573.4 481.6 471.7 
Sorted:   471.7 481.6 565.1 569.2 573.4 575.2 575.3 578.1 584.9 585.7 592.5 594.6 598.6 599.1 599.1 601.3 612.8 612.9 615.6 620.5 621.5 623   623.3 628.5 631.2 631.2 631.5 631.8 632.2 633   635.1 644.1 646.5 647.6 649.1 654.4 
 median: 614.2
Unsorted: 599.1 569.2 584.9 599.1 620.5 621.5 623   575.2 631.2 649.1 632.2 633   635.1 623.3 628.5 612.9 612.8 631.2 615.6 644.1 575.3 594.6 631.5 592.5 654.4 646.5 631.8 578.1 601.3 585.7 598.6 647.6 565.1 573.4 481.6 471.7 
Sorted:   471.7 481.6 565.1 569.2 573.4 575.2 575.3 578.1 584.9 585.7 592.5 594.6 598.6 599.1 599.1 601.3 612.8 612.9 615.6 620.5 621.5 623   623.3 628.5 631.2 631.2 631.5 631.8 632.2 633   635.1 644.1 646.5 647.6 649.1 654.4 
 median: 614.2
Unsorted: 599.1 569.2 584.9 599.1 620.5 621.5 623   575.2 631.2 649.1 632.2 633   635.1 623.3 628.5 612.9 612.8 631.2 615.6 644.1 575.3 594.6 631.5 592.5 654.4 646.5 631.8 578.1 601.3 585.7 598.6 647.6 565.1 573.4 481.6 471.7 
Sorted:   471.7 481.6 565.1 569.2 573.4 575.2 575.3 578.1 584.9 585.7 592.5 594.6 598.6 599.1 599.1 601.3 612.8 612.9 615.6 620.5 621.5 623   623.3 628.5 631.2 631.2 631.5 631.8 632.2 633   635.1 644.1 646.5 647.6 649.1 654.4 
 median: 614.2
Unsorted: 599.1 569.2 584.9 599.1 620.5 621.5 623   575.2 631.2 649.1 632.2 633   635.1 623.3 628.5 612.9 612.8 631.2 615.6 644.1 575.3 594.6 631.5 592.5 654.4 646.5 631.8 578.1 601.3 585.7 598.6 647.6 565.1 573.4 481.6 471.7 284.4 
Sorted:   284.4 471.7 481.6 565.1 569.2 573.4 575.2 575.3 578.1 584.9 585.7 592.5 594.6 598.6 599.1 599.1 601.3 612.8 612.9 615.6 620.5 621.5 623   623.3 628.5 631.2 631.2 631.5 631.8 632.2 633   635.1 644.1 646.5 647.6 649.1 654.4 
 median: 612.9
