
Beginning joint data output...


Time           JOINT_HEAD                         JOINT_SHOULDER_LEFT                JOINT_SHOULDER_RIGHT               JOINT_HAND_LEFT                    JOINT_HAND_RIGHT                   JOINT_SPINE_MID                    JOINT_CENTER_MASS                  
1              175  , 88   , 2638                 152  , 122  , 2803                 173  , 90   , 2644                 92   , 150  , 2943                 260  , 156  , 2646                 165  , 150  , 2695                 164  , 1.44e+05, 2.718             
2              159  , 84   , 2511                 151  , 90   , 2644                 169  , 90   , 2714                 104  , 138  , 2882                 233  , 136  , 2858                 160  , 158  , 2791                 164  , 1.44e+05, 2.712             
3              157  , 86   , 2714                 149  , 92   , 2673                 173  , 120  , 2736                 79   , 146  , 2966                 202  , 118  , 2450                 157  , 148  , 2665                 160  , 1.4e+05, 2.695              
4              157  , 86   , 2714                 144  , 112  , 2870                 167  , 108  , 2695                 79   , 146  , 2966                 217  , 124  , 2836                 163  , 150  , 2665                 160  , 1.4e+05, 2.755              
5              0    , 0    , 0                    0    , 0    , 0                    0    , 0    , 0                    0    , 0    , 0                    0    , 0    , 0                    0    , 0    , 0                    0    , 0    , 0                    
6              157  , 86   , 2714                 145  , 138  , 2706                 165  , 118  , 2725                 70   , 148  , 2660                 198  , 112  , 2956                 155  , 164  , 2736                 153  , 1.33e+05, 2.749             
7              157  , 86   , 2714                 143  , 140  , 2714                 163  , 112  , 2768                 65   , 146  , 2956                 197  , 112  , 2605                 153  , 160  , 2633                 150  , 1.33e+05, 2.726             
8              150  , 78   , 2895                 136  , 126  , 2768                 160  , 86   , 2824                 64   , 148  , 2706                 197  , 112  , 2605                 153  , 156  , 2665                 150  , 1.33e+05, 2.795             
9              151  , 84   , 2714                 144  , 110  , 2895                 165  , 110  , 2695                 75   , 146  , 3003                 217  , 122  , 2956                 155  , 160  , 2633                 150  , 1.33e+05, 2.762             
10             0    , 0    , 0                    0    , 0    , 0                    0    , 0    , 0                    0    , 0    , 0                    0    , 0    , 0                    0    , 0    , 0                    0    , 0    , 0                    
11             153  , 86   , 2748                 141  , 148  , 2695                 165  , 124  , 2725                 68   , 150  , 2722                 214  , 122  , 3003                 153  , 160  , 2615                 150  , 1.33e+05, 2.822             
12             153  , 86   , 2748                 140  , 128  , 2791                 164  , 86   , 2848                 106  , 134  , 2633                 241  , 126  , 2956                 155  , 148  , 2567                 150  , 1.33e+05, 2.818             
13             163  , 74   , 2602                 144  , 136  , 2768                 165  , 90   , 2780                 73   , 148  , 2930                 205  , 118  , 2930                 157  , 150  , 2736                 153  , 1.33e+05, 2.806             
14             0    , 0    , 0                    0    , 0    , 0                    0    , 0    , 0                    0    , 0    , 0                    0    , 0    , 0                    0    , 0    , 0                    0    , 0    , 0                    
15             158  , 90   , 2780                 148  , 140  , 2803                 170  , 122  , 2836                 98   , 136  , 2678                 213  , 122  , 2980                 159  , 166  , 2540                 153  , 1.33e+05, 2.836             
16             158  , 90   , 2780                 146  , 138  , 2748                 167  , 124  , 2736                 73   , 144  , 2905                 213  , 122  , 2980                 159  , 168  , 2654                 153  , 1.33e+05, 2.799             
17             158  , 90   , 2780                 145  , 142  , 2714                 171  , 114  , 2706                 73   , 144  , 2905                 209  , 126  , 2678                 159  , 164  , 2644                 153  , 1.33e+05, 2.864             
18             158  , 90   , 2780                 142  , 132  , 2748                 170  , 120  , 2812                 73   , 144  , 2905                 191  , 132  , 2612                 155  , 158  , 2615                 153  , 1.33e+05, 2.814             
19             0    , 0    , 0                    0    , 0    , 0                    0    , 0    , 0                    0    , 0    , 0                    0    , 0    , 0                    0    , 0    , 0                    0    , 0    , 0                    
20             158  , 90   , 2780                 146  , 140  , 2725                 169  , 148  , 2759                 74   , 146  , 2692                 215  , 126  , 2678                 159  , 170  , 2706                 153  , 1.33e+05, 2.847             
21             158  , 90   , 2780                 144  , 114  , 2882                 171  , 112  , 2706                 75   , 140  , 2930                 215  , 126  , 2678                 157  , 160  , 2665                 153  , 1.33e+05, 2.872             
22             158  , 90   , 2780                 144  , 114  , 2803                 167  , 132  , 2684                 75   , 140  , 2930                 215  , 124  , 2943                 159  , 166  , 2633                 153  , 1.33e+05, 2.869             
23             158  , 90   , 2780                 146  , 138  , 2748                 175  , 112  , 2803                 75   , 140  , 2930                 215  , 124  , 2943                 159  , 162  , 2633                 153  , 1.33e+05, 2.929             
24             158  , 90   , 2780                 144  , 114  , 2858                 170  , 92   , 2824                 74   , 146  , 2662                 215  , 124  , 2943                 159  , 152  , 2577                 153  , 1.33e+05, 2.87              
25             158  , 90   , 2780                 142  , 112  , 2905                 172  , 112  , 2836                 75   , 140  , 2956                 212  , 122  , 3153                 159  , 156  , 2644                 153  , 1.33e+05, 2.892             
26             158  , 90   , 2780                 142  , 114  , 2803                 170  , 94   , 2824                 75   , 140  , 2956                 203  , 120  , 2930                 161  , 150  , 2654                 153  , 1.33e+05, 2.8               
27             158  , 90   , 2780                 144  , 114  , 2848                 169  , 112  , 2803                 75   , 140  , 2956                 203  , 120  , 2930                 159  , 164  , 2673                 153  , 1.33e+05, 2.874             
28             158  , 90   , 2780                 144  , 132  , 2780                 173  , 124  , 2824                 75   , 140  , 2956                 195  , 114  , 2547                 161  , 160  , 2654                 153  , 1.33e+05, 2.805             
29             158  , 90   , 2780                 144  , 138  , 2791                 169  , 120  , 2803                 75   , 140  , 2956                 195  , 114  , 2547                 159  , 156  , 2759                 153  , 1.33e+05, 2.85              
30             158  , 90   , 2780                 151  , 138  , 2673                 174  , 112  , 2905                 75   , 140  , 2956                 195  , 114  , 2547                 161  , 162  , 2725                 153  , 1.33e+05, 2.853             
31             158  , 90   , 2780                 146  , 114  , 2768                 170  , 114  , 2824                 75   , 140  , 2956                 197  , 132  , 2615                 161  , 162  , 2628                 153  , 1.33e+05, 2.837             
32             158  , 90   , 2780                 146  , 128  , 2736                 169  , 110  , 2684                 75   , 140  , 2956                 199  , 124  , 2905                 161  , 152  , 2706                 153  , 1.33e+05, 2.879             
33             158  , 90   , 2780                 152  , 90   , 2748                 173  , 106  , 2644                 75   , 140  , 2956                 219  , 120  , 2812                 159  , 154  , 2654                 153  , 1.33e+05, 2.817             
34             158  , 90   , 2780                 142  , 116  , 2858                 172  , 116  , 2824                 75   , 140  , 2956                 209  , 124  , 2676                 159  , 158  , 2725                 153  , 1.33e+05, 2.819             
35             158  , 90   , 2780                 142  , 138  , 2736                 171  , 140  , 2684                 78   , 130  , 2684                 204  , 122  , 2980                 159  , 164  , 2706                 153  , 1.33e+05, 2.862             
36             158  , 90   , 2780                 149  , 138  , 2695                 175  , 114  , 2768                 75   , 140  , 2930                 204  , 122  , 2980                 161  , 164  , 2615                 153  , 1.33e+05, 2.863             
37             158  , 90   , 2780                 144  , 114  , 2812                 173  , 112  , 2803                 75   , 140  , 2930                 204  , 122  , 2980                 161  , 162  , 2673                 153  , 1.33e+05, 2.831             
38             158  , 90   , 2780                 144  , 112  , 2848                 171  , 114  , 2780                 75   , 140  , 2930                 213  , 126  , 2644                 157  , 158  , 2759                 153  , 1.33e+05, 2.88              
39             158  , 90   , 2780                 144  , 112  , 2895                 173  , 114  , 2803                 75   , 140  , 2930                 207  , 118  , 2930                 161  , 160  , 2594                 153  , 1.33e+05, 2.835             
40             158  , 90   , 2780                 144  , 138  , 2791                 173  , 114  , 2791                 75   , 140  , 2930                 219  , 126  , 2657                 161  , 164  , 2615                 153  , 1.33e+05, 2.841             
41             158  , 90   , 2780                 142  , 138  , 2759                 173  , 108  , 2633                 78   , 146  , 2709                 208  , 122  , 2980                 161  , 164  , 2657                 153  , 1.33e+05, 2.828             
42             158  , 90   , 2780                 146  , 112  , 2882                 175  , 112  , 2649                 74   , 142  , 2780                 208  , 122  , 2980                 161  , 162  , 2684                 153  , 1.33e+05, 2.827             
43             158  , 90   , 2780                 149  , 150  , 2633                 173  , 112  , 2725                 75   , 140  , 2966                 208  , 122  , 2980                 161  , 162  , 2665                 153  , 1.33e+05, 2.843             
44             158  , 90   , 2780                 143  , 114  , 2706                 173  , 114  , 2625                 94   , 130  , 2695                 208  , 122  , 2980                 161  , 164  , 2625                 153  , 1.33e+05, 2.806             
45             158  , 90   , 2780                 151  , 124  , 2684                 171  , 114  , 2759                 74   , 144  , 2649                 197  , 130  , 2633                 161  , 156  , 2673                 153  , 1.33e+05, 2.817             
46             158  , 90   , 2780                 144  , 114  , 2870                 175  , 112  , 2665                 70   , 140  , 2768                 209  , 118  , 2684                 163  , 162  , 2673                 153  , 1.33e+05, 2.808             
47             158  , 90   , 2780                 147  , 144  , 2673                 173  , 116  , 2824                 86   , 132  , 2905                 215  , 124  , 2652                 161  , 166  , 2594                 153  , 1.33e+05, 2.821             
48             158  , 90   , 2780                 149  , 126  , 2654                 171  , 114  , 2768                 71   , 136  , 2905                 195  , 130  , 2612                 157  , 158  , 2654                 153  , 1.33e+05, 2.838             
49             158  , 90   , 2780                 144  , 112  , 2848                 173  , 130  , 2780                 74   , 144  , 2668                 217  , 126  , 2657                 159  , 164  , 2625                 153  , 1.33e+05, 2.799             
50             158  , 90   , 2780                 147  , 128  , 2646                 176  , 114  , 2848                 77   , 134  , 2930                 193  , 132  , 2584                 161  , 164  , 2654                 153  , 1.33e+05, 2.875             
51             158  , 90   , 2780                 150  , 128  , 2748                 175  , 112  , 2649                 106  , 130  , 2636                 214  , 122  , 3017                 161  , 162  , 2644                 153  , 1.33e+05, 2.836             
52             158  , 90   , 2780                 149  , 128  , 2678                 176  , 114  , 2836                 75   , 136  , 2966                 207  , 122  , 2858                 161  , 162  , 2625                 153  , 1.33e+05, 2.814             
53             158  , 90   , 2780                 152  , 150  , 2768                 173  , 132  , 2759                 79   , 136  , 2917                 207  , 122  , 2858                 163  , 164  , 2673                 153  , 1.33e+05, 2.811             
54             0    , 0    , 0                    0    , 0    , 0                    0    , 0    , 0                    0    , 0    , 0                    0    , 0    , 0                    0    , 0    , 0                    0    , 0    , 0                    
55             0    , 0    , 0                    0    , 0    , 0                    0    , 0    , 0                    0    , 0    , 0                    0    , 0    , 0                    0    , 0    , 0                    0    , 0    , 0                    
56             158  , 90   , 2780                 142  , 124  , 2791                 169  , 132  , 2768                 70   , 142  , 2657                 207  , 122  , 2812                 157  , 160  , 2633                 153  , 1.33e+05, 2.807             
57             158  , 90   , 2780                 142  , 124  , 2803                 173  , 116  , 2812                 70   , 142  , 2657                 207  , 122  , 2812                 159  , 162  , 2615                 153  , 1.33e+05, 2.835             
58             0    , 0    , 0                    0    , 0    , 0                    0    , 0    , 0                    0    , 0    , 0                    0    , 0    , 0                    0    , 0    , 0                    0    , 0    , 0                    
59             158  , 90   , 2780                 151  , 128  , 2695                 173  , 118  , 2812                 70   , 142  , 2657                 207  , 122  , 2812                 163  , 164  , 2706                 153  , 1.33e+05, 2.803             
60             158  , 90   , 2780                 144  , 114  , 2812                 175  , 116  , 2812                 70   , 142  , 2657                 205  , 124  , 2654                 161  , 162  , 2625                 153  , 1.33e+05, 2.858             
61             0    , 0    , 0                    0    , 0    , 0                    0    , 0    , 0                    0    , 0    , 0                    0    , 0    , 0                    0    , 0    , 0                    0    , 0    , 0                    
62             158  , 90   , 2780                 140  , 132  , 2824                 173  , 114  , 2660                 70   , 142  , 2657                 205  , 124  , 2654                 159  , 158  , 2673                 153  , 1.33e+05, 2.858             
63             158  , 90   , 2780                 152  , 140  , 2780                 174  , 116  , 2930                 80   , 142  , 2644                 211  , 120  , 2882                 161  , 164  , 2644                 153  , 1.33e+05, 2.792             
64             158  , 90   , 2780                 146  , 112  , 2917                 175  , 114  , 2812                 80   , 142  , 2644                 211  , 120  , 2882                 161  , 162  , 2633                 153  , 1.33e+05, 2.822             
65             158  , 90   , 2780                 149  , 138  , 2662                 173  , 114  , 2803                 80   , 142  , 2644                 221  , 126  , 2660                 161  , 162  , 2644                 153  , 1.33e+05, 2.794             
66             158  , 90   , 2780                 146  , 114  , 2848                 173  , 114  , 2644                 75   , 144  , 3003                 211  , 126  , 2665                 161  , 164  , 2644                 153  , 1.33e+05, 2.771             
67             158  , 90   , 2780                 144  , 114  , 2759                 175  , 114  , 2768                 75   , 144  , 3003                 211  , 126  , 2665                 161  , 164  , 2665                 153  , 1.33e+05, 2.815             
68             158  , 90   , 2780                 151  , 114  , 2646                 173  , 114  , 2803                 75   , 144  , 3003                 193  , 132  , 2605                 161  , 164  , 2625                 153  , 1.33e+05, 2.812             
69             158  , 90   , 2780                 152  , 114  , 2768                 179  , 114  , 2759                 75   , 144  , 3003                 241  , 130  , 2943                 161  , 164  , 2625                 153  , 1.33e+05, 2.787             
70             158  , 90   , 2780                 144  , 114  , 2895                 177  , 114  , 2748                 75   , 144  , 3003                 213  , 122  , 2895                 161  , 164  , 2577                 153  , 1.33e+05, 2.787             
71             158  , 90   , 2780                 144  , 134  , 2725                 176  , 116  , 2917                 79   , 144  , 2917                 211  , 122  , 2649                 161  , 164  , 2615                 153  , 1.33e+05, 2.827             
72             0    , 0    , 0                    0    , 0    , 0                    0    , 0    , 0                    0    , 0    , 0                    0    , 0    , 0                    0    , 0    , 0                    0    , 0    , 0                    
73             158  , 90   , 2780                 143  , 138  , 2714                 175  , 114  , 2654                 79   , 144  , 2917                 213  , 116  , 2803                 161  , 166  , 2605                 153  , 1.33e+05, 2.85              
74             158  , 90   , 2780                 144  , 114  , 2858                 173  , 112  , 2824                 79   , 144  , 2917                 193  , 130  , 2625                 161  , 164  , 2649                 153  , 1.33e+05, 2.864             
75             0    , 0    , 0                    0    , 0    , 0                    0    , 0    , 0                    0    , 0    , 0                    0    , 0    , 0                    0    , 0    , 0                    0    , 0    , 0                    
76             158  , 90   , 2780                 143  , 114  , 2649                 173  , 114  , 2824                 79   , 144  , 2917                 203  , 122  , 2917                 161  , 162  , 2633                 153  , 1.33e+05, 2.81              
77             158  , 90   , 2780                 143  , 116  , 2641                 178  , 120  , 2870                 79   , 144  , 2917                 203  , 122  , 2917                 161  , 166  , 2633                 153  , 1.33e+05, 2.814             
78             158  , 90   , 2780                 143  , 114  , 2654                 175  , 116  , 2759                 79   , 144  , 2917                 219  , 116  , 2649                 159  , 164  , 2605                 153  , 1.33e+05, 2.829             
79             0    , 0    , 0                    0    , 0    , 0                    0    , 0    , 0                    0    , 0    , 0                    0    , 0    , 0                    0    , 0    , 0                    0    , 0    , 0                    
80             158  , 90   , 2780                 142  , 116  , 2882                 171  , 116  , 2748                 78   , 146  , 2670                 203  , 126  , 2703                 159  , 166  , 2625                 153  , 1.33e+05, 2.821             
81             158  , 90   , 2780                 144  , 114  , 2848                 175  , 112  , 2759                 77   , 146  , 2980                 219  , 122  , 2943                 161  , 162  , 2665                 153  , 1.33e+05, 2.833             
82             158  , 90   , 2780                 142  , 114  , 2917                 175  , 114  , 2625                 78   , 148  , 2768                 199  , 122  , 2870                 161  , 166  , 2594                 153  , 1.33e+05, 2.809             
83             158  , 90   , 2780                 144  , 128  , 2791                 173  , 112  , 2824                 78   , 148  , 2768                 239  , 126  , 2956                 161  , 162  , 2695                 153  , 1.33e+05, 2.851             
84             158  , 90   , 2780                 144  , 112  , 2836                 175  , 106  , 2636                 86   , 130  , 2577                 197  , 132  , 2652                 161  , 154  , 2768                 153  , 1.33e+05, 2.841             
85             158  , 90   , 2780                 146  , 114  , 2848                 177  , 112  , 2824                 75   , 144  , 2966                 213  , 118  , 2905                 162  , 164  , 2803                 153  , 1.33e+05, 2.785             
86             158  , 90   , 2780                 145  , 112  , 2649                 177  , 112  , 2824                 75   , 144  , 2966                 215  , 120  , 2725                 159  , 162  , 2605                 153  , 1.33e+05, 2.839             
87             158  , 90   , 2780                 142  , 114  , 2803                 173  , 114  , 2662                 75   , 144  , 2966                 215  , 118  , 2980                 159  , 164  , 2695                 153  , 1.33e+05, 2.87              
88             158  , 90   , 2780                 146  , 114  , 2848                 175  , 114  , 2803                 77   , 144  , 2956                 203  , 118  , 2848                 161  , 164  , 2695                 153  , 1.33e+05, 2.821             
89             158  , 90   , 2780                 144  , 114  , 2812                 180  , 114  , 2858                 77   , 144  , 2956                 206  , 124  , 3045                 161  , 158  , 2673                 153  , 1.33e+05, 2.835             
90             158  , 90   , 2780                 144  , 114  , 2836                 177  , 114  , 2836                 74   , 138  , 2791                 206  , 124  , 3045                 163  , 164  , 2673                 153  , 1.33e+05, 2.813             
91             158  , 90   , 2780                 144  , 114  , 2882                 177  , 114  , 2780                 76   , 148  , 2706                 206  , 120  , 2980                 161  , 166  , 2615                 153  , 1.33e+05, 2.793             
92             0    , 0    , 0                    0    , 0    , 0                    0    , 0    , 0                    0    , 0    , 0                    0    , 0    , 0                    0    , 0    , 0                    0    , 0    , 0                    
93             158  , 90   , 2780                 144  , 114  , 2848                 173  , 114  , 2803                 74   , 148  , 2717                 213  , 124  , 2673                 161  , 164  , 2605                 153  , 1.33e+05, 2.845             
94             0    , 0    , 0                    0    , 0    , 0                    0    , 0    , 0                    0    , 0    , 0                    0    , 0    , 0                    0    , 0    , 0                    0    , 0    , 0                    
95             158  , 90   , 2780                 146  , 114  , 2858                 175  , 114  , 2706                 114  , 132  , 2649                 209  , 122  , 2905                 161  , 164  , 2673                 153  , 1.33e+05, 2.845             
96             0    , 0    , 0                    0    , 0    , 0                    0    , 0    , 0                    0    , 0    , 0                    0    , 0    , 0                    0    , 0    , 0                    0    , 0    , 0                    
97             158  , 90   , 2780                 146  , 146  , 2870                 175  , 116  , 2824                 77   , 138  , 2917                 209  , 122  , 2905                 163  , 164  , 2644                 153  , 1.33e+05, 2.832             
98             158  , 90   , 2780                 146  , 114  , 2870                 175  , 114  , 2654                 77   , 138  , 2917                 197  , 130  , 2673                 161  , 164  , 2684                 153  , 1.33e+05, 2.829             
99             158  , 90   , 2780                 143  , 114  , 2646                 179  , 112  , 2736                 79   , 144  , 3003                 197  , 130  , 2673                 161  , 164  , 2594                 153  , 1.33e+05, 2.795             
100            158  , 90   , 2780                 143  , 128  , 2673                 177  , 114  , 2803                 79   , 144  , 3003                 197  , 130  , 2673                 163  , 164  , 2577                 153  , 1.33e+05, 2.822             
101            158  , 90   , 2780                 143  , 140  , 2714                 175  , 114  , 2657                 79   , 144  , 3003                 197  , 130  , 2673                 161  , 166  , 2684                 153  , 1.33e+05, 2.855             
102            158  , 90   , 2780                 144  , 114  , 2848                 175  , 114  , 2824                 97   , 138  , 2450                 197  , 130  , 2673                 161  , 166  , 2768                 153  , 1.33e+05, 2.836             
103            158  , 90   , 2780                 144  , 114  , 2725                 177  , 110  , 2780                 74   , 142  , 2812                 197  , 130  , 2673                 161  , 162  , 2780                 153  , 1.33e+05, 2.817             
104            158  , 90   , 2780                 142  , 126  , 2848                 178  , 114  , 2848                 82   , 146  , 2620                 209  , 120  , 2930                 161  , 166  , 2625                 153  , 1.33e+05, 2.854             
105            0    , 0    , 0                    0    , 0    , 0                    0    , 0    , 0                    0    , 0    , 0                    0    , 0    , 0                    0    , 0    , 0                    0    , 0    , 0                    
106            158  , 90   , 2780                 144  , 114  , 2848                 175  , 114  , 2684                 77   , 146  , 2917                 209  , 120  , 2930                 163  , 166  , 2684                 153  , 1.33e+05, 2.822             
107            158  , 90   , 2780                 144  , 114  , 2768                 178  , 108  , 2956                 77   , 146  , 2917                 209  , 120  , 2930                 165  , 158  , 2654                 153  , 1.33e+05, 2.795             
108            158  , 90   , 2780                 144  , 112  , 2966                 178  , 108  , 2917                 77   , 146  , 2917                 223  , 116  , 2665                 159  , 162  , 2652                 153  , 1.33e+05, 2.848             
109            158  , 90   , 2780                 145  , 140  , 2673                 177  , 110  , 2803                 78   , 150  , 2739                 238  , 120  , 2644                 161  , 164  , 2641                 153  , 1.33e+05, 2.82              
110            158  , 90   , 2780                 146  , 114  , 2780                 175  , 114  , 2803                 78   , 150  , 2739                 207  , 126  , 2660                 163  , 162  , 2625                 153  , 1.33e+05, 2.851             
111            0    , 0    , 0                    0    , 0    , 0                    0    , 0    , 0                    0    , 0    , 0                    0    , 0    , 0                    0    , 0    , 0                    0    , 0    , 0                    
112            158  , 90   , 2780                 146  , 112  , 2858                 175  , 110  , 2646                 110  , 132  , 2644                 207  , 126  , 2660                 163  , 158  , 2736                 153  , 1.33e+05, 2.794             
113            158  , 90   , 2780                 144  , 130  , 2736                 178  , 114  , 2848                 75   , 144  , 2905                 217  , 122  , 2848                 161  , 164  , 2673                 157  , 1.28e+05, 2.804             
114            158  , 90   , 2780                 144  , 114  , 2848                 178  , 114  , 2882                 75   , 144  , 2905                 217  , 122  , 2848                 161  , 164  , 2625                 157  , 1.28e+05, 2.842             
115            158  , 90   , 2780                 144  , 114  , 2858                 177  , 114  , 2748                 130  , 122  , 2673                 217  , 122  , 2848                 161  , 164  , 2633                 157  , 1.28e+05, 2.824             
116            158  , 90   , 2780                 141  , 116  , 2654                 173  , 116  , 2803                 77   , 144  , 2980                 213  , 126  , 2657                 163  , 160  , 2673                 157  , 1.28e+05, 2.787             
117            158  , 90   , 2780                 142  , 114  , 2943                 173  , 114  , 2649                 77   , 144  , 2980                 205  , 120  , 2930                 161  , 164  , 2652                 157  , 1.28e+05, 2.795             
118            158  , 90   , 2780                 151  , 134  , 2652                 176  , 116  , 2848                 72   , 140  , 2791                 205  , 120  , 2930                 161  , 164  , 2633                 157  , 1.28e+05, 2.781             
119            158  , 90   , 2780                 144  , 140  , 2824                 179  , 114  , 2824                 78   , 148  , 2660                 202  , 114  , 2494                 161  , 164  , 2625                 157  , 1.28e+05, 2.79              
120            158  , 90   , 2780                 146  , 112  , 2824                 180  , 112  , 2858                 78   , 148  , 2660                 213  , 124  , 2824                 161  , 162  , 2673                 157  , 1.28e+05, 2.736             
121            0    , 0    , 0                    0    , 0    , 0                    0    , 0    , 0                    0    , 0    , 0                    0    , 0    , 0                    0    , 0    , 0                    0    , 0    , 0                    
122            158  , 90   , 2780                 143  , 122  , 2706                 177  , 114  , 2768                 76   , 144  , 2882                 213  , 124  , 2824                 161  , 164  , 2584                 157  , 1.28e+05, 2.795             
123            158  , 90   , 2780                 142  , 114  , 2780                 177  , 114  , 2759                 76   , 144  , 2882                 209  , 118  , 2736                 161  , 164  , 2644                 157  , 1.28e+05, 2.839             
124            158  , 90   , 2780                 144  , 114  , 2803                 177  , 114  , 2644                 76   , 144  , 2882                 209  , 118  , 2736                 161  , 164  , 2665                 157  , 1.28e+05, 2.781             
125            158  , 90   , 2780                 142  , 114  , 2858                 179  , 114  , 2803                 76   , 146  , 2687                 209  , 118  , 2736                 161  , 162  , 2649                 157  , 1.28e+05, 2.798             
126            158  , 90   , 2780                 143  , 114  , 2649                 177  , 116  , 2759                 76   , 144  , 2836                 211  , 116  , 2882                 161  , 164  , 2638                 157  , 1.28e+05, 2.781             
127            158  , 90   , 2780                 141  , 114  , 2641                 179  , 114  , 2812                 76   , 144  , 2836                 211  , 124  , 2736                 161  , 166  , 2644                 157  , 1.28e+05, 2.781             
128            158  , 90   , 2780                 145  , 124  , 2668                 177  , 114  , 2706                 94   , 134  , 2670                 211  , 124  , 2736                 161  , 164  , 2631                 157  , 1.28e+05, 2.767             
129            0    , 0    , 0                    0    , 0    , 0                    0    , 0    , 0                    0    , 0    , 0                    0    , 0    , 0                    0    , 0    , 0                    0    , 0    , 0                    
130            158  , 90   , 2780                 148  , 114  , 2780                 177  , 114  , 2803                 78   , 144  , 2649                 203  , 118  , 2882                 161  , 162  , 2649                 157  , 1.28e+05, 2.752             
131            158  , 90   , 2780                 147  , 114  , 2644                 177  , 114  , 2706                 75   , 140  , 2930                 215  , 120  , 2966                 161  , 166  , 2706                 157  , 1.28e+05, 2.802             
132            158  , 90   , 2780                 142  , 112  , 2858                 175  , 112  , 2736                 75   , 140  , 2930                 245  , 126  , 2895                 161  , 162  , 2646                 157  , 1.28e+05, 2.817             
133            158  , 90   , 2780                 144  , 112  , 2812                 177  , 112  , 2748                 78   , 148  , 2722                 219  , 122  , 2870                 163  , 164  , 2620                 157  , 1.28e+05, 2.77              
134            158  , 90   , 2780                 142  , 114  , 2824                 175  , 110  , 2812                 78   , 148  , 2722                 219  , 126  , 2676                 163  , 160  , 2706                 157  , 1.28e+05, 2.825             
135            0    , 0    , 0                    0    , 0    , 0                    0    , 0    , 0                    0    , 0    , 0                    0    , 0    , 0                    0    , 0    , 0                    0    , 0    , 0                    
136            158  , 90   , 2780                 142  , 114  , 2759                 175  , 114  , 2641                 76   , 144  , 2684                 196  , 126  , 2917                 161  , 164  , 2577                 157  , 1.28e+05, 2.798             
137            158  , 90   , 2780                 142  , 114  , 2824                 175  , 116  , 2780                 76   , 144  , 2684                 201  , 130  , 2649                 161  , 162  , 2695                 157  , 1.28e+05, 2.814             
138            158  , 90   , 2780                 139  , 114  , 2652                 176  , 116  , 2858                 75   , 142  , 2966                 201  , 122  , 2895                 161  , 164  , 2633                 157  , 1.28e+05, 2.814             
139            158  , 90   , 2780                 144  , 112  , 2848                 181  , 112  , 2759                 82   , 146  , 2620                 199  , 130  , 2572                 163  , 162  , 2641                 157  , 1.28e+05, 2.744             
140            158  , 90   , 2780                 142  , 114  , 2748                 177  , 112  , 2641                 74   , 142  , 2882                 207  , 120  , 2895                 161  , 162  , 2654                 157  , 1.28e+05, 2.812             
141            158  , 90   , 2780                 144  , 120  , 2759                 177  , 120  , 2824                 74   , 142  , 2882                 207  , 120  , 2895                 161  , 168  , 2759                 157  , 1.28e+05, 2.836             
142            161  , 86   , 2633                 142  , 112  , 2780                 175  , 112  , 2646                 74   , 142  , 2882                 207  , 120  , 2895                 161  , 162  , 2668                 157  , 1.28e+05, 2.808             
143            161  , 86   , 2633                 140  , 112  , 2780                 175  , 114  , 2636                 74   , 142  , 2882                 207  , 120  , 2895                 161  , 164  , 2625                 157  , 1.28e+05, 2.809             
144            0    , 0    , 0                    0    , 0    , 0                    0    , 0    , 0                    0    , 0    , 0                    0    , 0    , 0                    0    , 0    , 0                    0    , 0    , 0                    
145            161  , 86   , 2633                 143  , 112  , 2644                 178  , 110  , 2943                 79   , 146  , 2905                 195  , 132  , 2618                 159  , 162  , 2706                 157  , 1.28e+05, 2.767             
146            161  , 86   , 2633                 144  , 112  , 2791                 179  , 112  , 2649                 79   , 146  , 2905                 217  , 118  , 2649                 159  , 162  , 2646                 157  , 1.28e+05, 2.822             
147            161  , 86   , 2633                 140  , 120  , 2759                 175  , 112  , 2780                 79   , 146  , 2905                 213  , 124  , 2895                 157  , 162  , 2662                 157  , 1.28e+05, 2.781             
148            0    , 0    , 0                    0    , 0    , 0                    0    , 0    , 0                    0    , 0    , 0                    0    , 0    , 0                    0    , 0    , 0                    0    , 0    , 0                    
149            161  , 86   , 2633                 142  , 114  , 2824                 179  , 114  , 2824                 76   , 146  , 2657                 217  , 118  , 2665                 161  , 164  , 2706                 157  , 1.28e+05, 2.806             
150            0    , 0    , 0                    0    , 0    , 0                    0    , 0    , 0                    0    , 0    , 0                    0    , 0    , 0                    0    , 0    , 0                    0    , 0    , 0                    
151            161  , 86   , 2633                 142  , 114  , 2780                 179  , 114  , 2660                 76   , 132  , 2836                 211  , 120  , 2848                 163  , 164  , 2633                 157  , 1.28e+05, 2.846             
152            161  , 86   , 2633                 141  , 116  , 2684                 177  , 116  , 2649                 78   , 146  , 2684                 214  , 122  , 3031                 161  , 164  , 2652                 157  , 1.28e+05, 2.838             
153            161  , 86   , 2633                 142  , 114  , 2824                 177  , 114  , 2836                 81   , 144  , 3017                 208  , 122  , 3003                 161  , 164  , 2644                 157  , 1.28e+05, 2.808             
154            161  , 86   , 2633                 144  , 112  , 2870                 179  , 112  , 2824                 81   , 144  , 3017                 234  , 120  , 2625                 161  , 164  , 2633                 157  , 1.28e+05, 2.77              
155            161  , 86   , 2633                 142  , 122  , 2725                 177  , 114  , 2824                 76   , 146  , 2689                 217  , 126  , 2584                 157  , 154  , 2649                 157  , 1.28e+05, 2.865             
156            161  , 86   , 2633                 141  , 114  , 2649                 179  , 114  , 2824                 74   , 144  , 2882                 197  , 130  , 2605                 161  , 164  , 2577                 157  , 1.28e+05, 2.8               
157            161  , 86   , 2633                 144  , 114  , 2956                 178  , 114  , 2854                 74   , 144  , 2882                 212  , 122  , 3069                 161  , 164  , 2706                 157  , 1.28e+05, 2.789             
158            161  , 86   , 2633                 142  , 114  , 2812                 175  , 114  , 2748                 80   , 132  , 2858                 193  , 130  , 2848                 161  , 164  , 2644                 157  , 1.28e+05, 2.836             
159            161  , 86   , 2633                 140  , 124  , 2917                 179  , 114  , 2836                 78   , 150  , 2673                 205  , 122  , 2917                 161  , 164  , 2577                 157  , 1.28e+05, 2.801             
160            161  , 86   , 2633                 142  , 112  , 2824                 175  , 112  , 2684                 78   , 150  , 2673                 205  , 122  , 2917                 161  , 164  , 2615                 157  , 1.28e+05, 2.78              
161            161  , 86   , 2633                 141  , 114  , 2695                 179  , 112  , 2654                 77   , 144  , 2917                 205  , 122  , 2917                 161  , 164  , 2644                 157  , 1.28e+05, 2.79              
162            161  , 86   , 2633                 144  , 114  , 2780                 179  , 114  , 2714                 77   , 144  , 2917                 213  , 124  , 2652                 163  , 164  , 2714                 157  , 1.28e+05, 2.807             
163            161  , 86   , 2633                 142  , 126  , 2917                 177  , 114  , 2649                 80   , 150  , 2670                 211  , 122  , 2858                 161  , 166  , 2706                 157  , 1.28e+05, 2.773             
164            161  , 86   , 2633                 142  , 114  , 2882                 178  , 114  , 2858                 80   , 150  , 2670                 205  , 126  , 2662                 161  , 166  , 2706                 157  , 1.28e+05, 2.798             
165            161  , 86   , 2633                 144  , 114  , 2791                 178  , 114  , 2848                 77   , 144  , 2943                 205  , 126  , 2662                 161  , 166  , 2594                 157  , 1.28e+05, 2.808             
166            161  , 86   , 2633                 144  , 112  , 2895                 177  , 114  , 2780                 76   , 148  , 2654                 219  , 120  , 2858                 163  , 164  , 2706                 157  , 1.28e+05, 2.787             
167            0    , 0    , 0                    0    , 0    , 0                    0    , 0    , 0                    0    , 0    , 0                    0    , 0    , 0                    0    , 0    , 0                    0    , 0    , 0                    
168            161  , 86   , 2633                 141  , 114  , 2631                 177  , 114  , 2673                 78   , 148  , 2665                 201  , 124  , 2759                 161  , 166  , 2714                 157  , 1.28e+05, 2.795             
169            161  , 86   , 2633                 144  , 128  , 2748                 175  , 116  , 2780                 79   , 144  , 2930                 201  , 124  , 2759                 161  , 164  , 2652                 157  , 1.28e+05, 2.81              
170            161  , 86   , 2633                 141  , 114  , 2638                 177  , 114  , 2725                 79   , 144  , 2930                 213  , 124  , 2966                 161  , 166  , 2625                 157  , 1.28e+05, 2.754             
171            0    , 0    , 0                    0    , 0    , 0                    0    , 0    , 0                    0    , 0    , 0                    0    , 0    , 0                    0    , 0    , 0                    0    , 0    , 0                    
172            161  , 86   , 2633                 141  , 124  , 2706                 175  , 114  , 2812                 118  , 120  , 2644                 195  , 130  , 2618                 161  , 166  , 2665                 157  , 1.28e+05, 2.837             
173            161  , 86   , 2633                 140  , 114  , 2836                 179  , 114  , 2780                 74   , 148  , 2689                 214  , 124  , 3017                 161  , 164  , 2605                 157  , 1.28e+05, 2.828             
174            161  , 86   , 2633                 153  , 124  , 2649                 182  , 114  , 2882                 74   , 144  , 2791                 214  , 124  , 3017                 163  , 164  , 2644                 157  , 1.28e+05, 2.782             
175            161  , 86   , 2633                 145  , 138  , 2670                 179  , 114  , 2812                 79   , 142  , 2943                 197  , 130  , 2649                 161  , 166  , 2665                 157  , 1.28e+05, 2.84              
176            161  , 86   , 2633                 141  , 114  , 2641                 179  , 114  , 2684                 90   , 136  , 2636                 217  , 118  , 2791                 163  , 166  , 2748                 157  , 1.28e+05, 2.799             
177            161  , 86   , 2633                 142  , 114  , 2848                 177  , 114  , 2812                 78   , 148  , 2678                 210  , 118  , 2993                 157  , 162  , 2654                 157  , 1.28e+05, 2.808             
178            161  , 86   , 2633                 144  , 114  , 2812                 179  , 114  , 2824                 77   , 146  , 2930                 209  , 118  , 2836                 161  , 162  , 2652                 157  , 1.28e+05, 2.793             
179            161  , 86   , 2633                 143  , 114  , 2657                 179  , 114  , 2725                 74   , 146  , 2725                 219  , 126  , 2654                 161  , 164  , 2652                 157  , 1.28e+05, 2.792             
180            161  , 86   , 2633                 142  , 114  , 2824                 177  , 114  , 2668                 76   , 142  , 2836                 214  , 122  , 3153                 161  , 164  , 2633                 157  , 1.28e+05, 2.816             
181            0    , 0    , 0                    0    , 0    , 0                    0    , 0    , 0                    0    , 0    , 0                    0    , 0    , 0                    0    , 0    , 0                    0    , 0    , 0                    
182            161  , 86   , 2633                 143  , 116  , 2641                 179  , 128  , 2759                 132  , 116  , 2759                 205  , 122  , 2695                 163  , 158  , 2673                 157  , 1.28e+05, 2.79              
183            161  , 86   , 2633                 140  , 116  , 2882                 175  , 116  , 2780                 74   , 142  , 2870                 205  , 122  , 2695                 161  , 164  , 2673                 157  , 1.28e+05, 2.802             
184            161  , 86   , 2633                 144  , 114  , 2858                 177  , 114  , 2803                 74   , 142  , 2870                 205  , 122  , 2695                 161  , 164  , 2654                 157  , 1.28e+05, 2.832             
185            161  , 86   , 2633                 142  , 114  , 2917                 177  , 116  , 2652                 74   , 142  , 2870                 206  , 122  , 3055                 161  , 164  , 2662                 157  , 1.28e+05, 2.769             
186            0    , 0    , 0                    0    , 0    , 0                    0    , 0    , 0                    0    , 0    , 0                    0    , 0    , 0                    0    , 0    , 0                    0    , 0    , 0                    
187            0    , 0    , 0                    0    , 0    , 0                    0    , 0    , 0                    0    , 0    , 0                    0    , 0    , 0                    0    , 0    , 0                    0    , 0    , 0                    
188            161  , 86   , 2633                 143  , 114  , 2649                 177  , 114  , 2803                 78   , 148  , 2662                 213  , 122  , 2917                 164  , 162  , 2803                 157  , 1.28e+05, 2.803             
189            0    , 0    , 0                    0    , 0    , 0                    0    , 0    , 0                    0    , 0    , 0                    0    , 0    , 0                    0    , 0    , 0                    0    , 0    , 0                    
190            161  , 86   , 2633                 143  , 124  , 2594                 177  , 114  , 2654                 77   , 146  , 2895                 213  , 122  , 2917                 161  , 164  , 2695                 157  , 1.28e+05, 2.868             
191            162  , 86   , 2803                 144  , 114  , 2836                 175  , 114  , 2649                 77   , 146  , 2895                 205  , 120  , 2870                 161  , 166  , 2605                 157  , 1.28e+05, 2.835             
192            0    , 0    , 0                    0    , 0    , 0                    0    , 0    , 0                    0    , 0    , 0                    0    , 0    , 0                    0    , 0    , 0                    0    , 0    , 0                    
193            0    , 0    , 0                    0    , 0    , 0                    0    , 0    , 0                    0    , 0    , 0                    0    , 0    , 0                    0    , 0    , 0                    0    , 0    , 0                    
194            162  , 86   , 2803                 142  , 124  , 2736                 177  , 114  , 2652                 98   , 134  , 2676                 204  , 122  , 3124                 159  , 162  , 2654                 157  , 1.28e+05, 2.868             
195            162  , 86   , 2803                 142  , 114  , 2848                 177  , 114  , 2824                 74   , 148  , 2870                 209  , 118  , 2956                 159  , 162  , 2584                 157  , 1.28e+05, 2.825             
196            162  , 86   , 2803                 140  , 114  , 2824                 177  , 112  , 2812                 74   , 148  , 2870                 211  , 122  , 2895                 159  , 164  , 2654                 157  , 1.28e+05, 2.822             
197            0    , 0    , 0                    0    , 0    , 0                    0    , 0    , 0                    0    , 0    , 0                    0    , 0    , 0                    0    , 0    , 0                    0    , 0    , 0                    
198            162  , 86   , 2803                 144  , 114  , 2780                 177  , 112  , 2657                 76   , 146  , 2695                 211  , 122  , 2895                 159  , 162  , 2577                 157  , 1.28e+05, 2.865             
199            162  , 86   , 2803                 140  , 114  , 2824                 177  , 114  , 2836                 75   , 142  , 2905                 211  , 122  , 2895                 161  , 162  , 2673                 157  , 1.28e+05, 2.825             
200            0    , 0    , 0                    0    , 0    , 0                    0    , 0    , 0                    0    , 0    , 0                    0    , 0    , 0                    0    , 0    , 0                    0    , 0    , 0                    
201            162  , 86   , 2803                 140  , 114  , 2759                 177  , 114  , 2803                 76   , 146  , 2681                 201  , 126  , 2649                 161  , 164  , 2706                 157  , 1.28e+05, 2.811             
202            162  , 86   , 2803                 144  , 122  , 2736                 179  , 114  , 2812                 99   , 134  , 2511                 215  , 124  , 2930                 159  , 162  , 2673                 157  , 1.28e+05, 2.831             
203            162  , 86   , 2803                 141  , 122  , 2577                 177  , 114  , 2649                 115  , 120  , 2417                 223  , 122  , 2660                 161  , 164  , 2759                 157  , 1.28e+05, 2.761             
204            163  , 88   , 2631                 142  , 124  , 2812                 177  , 130  , 2812                 77   , 142  , 2930                 209  , 128  , 2700                 161  , 164  , 2633                 157  , 1.28e+05, 2.77              
205            163  , 88   , 2631                 144  , 112  , 2803                 179  , 128  , 2714                 78   , 146  , 2662                 219  , 122  , 2943                 161  , 162  , 2695                 157  , 1.28e+05, 2.786             
206            0    , 0    , 0                    0    , 0    , 0                    0    , 0    , 0                    0    , 0    , 0                    0    , 0    , 0                    0    , 0    , 0                    0    , 0    , 0                    
207            163  , 88   , 2631                 143  , 114  , 2665                 177  , 114  , 2649                 78   , 146  , 2662                 219  , 122  , 2943                 161  , 166  , 2706                 157  , 1.28e+05, 2.753             
208            163  , 88   , 2631                 144  , 112  , 2780                 177  , 112  , 2649                 78   , 146  , 2662                 219  , 122  , 2943                 161  , 154  , 2610                 157  , 1.28e+05, 2.751             
209            0    , 0    , 0                    0    , 0    , 0                    0    , 0    , 0                    0    , 0    , 0                    0    , 0    , 0                    0    , 0    , 0                    0    , 0    , 0                    
210            163  , 88   , 2631                 144  , 112  , 2905                 177  , 112  , 2836                 78   , 146  , 2662                 207  , 122  , 2882                 161  , 164  , 2665                 157  , 1.28e+05, 2.783             
211            163  , 88   , 2631                 141  , 116  , 2644                 175  , 116  , 2649                 77   , 146  , 2943                 201  , 126  , 2725                 161  , 166  , 2654                 157  , 1.28e+05, 2.766             
212            163  , 88   , 2631                 142  , 126  , 2943                 176  , 118  , 2836                 80   , 148  , 2649                 214  , 120  , 3084                 161  , 168  , 2673                 157  , 1.28e+05, 2.766             
213            163  , 88   , 2631                 144  , 112  , 2824                 180  , 110  , 2858                 78   , 134  , 2689                 191  , 132  , 2657                 160  , 156  , 2791                 157  , 1.28e+05, 2.815             
214            163  , 88   , 2631                 141  , 120  , 2623                 175  , 114  , 2649                 80   , 148  , 2673                 214  , 122  , 2993                 161  , 166  , 2615                 157  , 1.28e+05, 2.802             
215            0    , 0    , 0                    0    , 0    , 0                    0    , 0    , 0                    0    , 0    , 0                    0    , 0    , 0                    0    , 0    , 0                    0    , 0    , 0                    
216            163  , 88   , 2631                 140  , 122  , 2848                 175  , 112  , 2654                 77   , 146  , 2980                 207  , 122  , 2956                 159  , 162  , 2644                 157  , 1.28e+05, 2.817             
217            163  , 88   , 2631                 144  , 128  , 2725                 179  , 118  , 2848                 77   , 146  , 2980                 201  , 130  , 2673                 164  , 166  , 2848                 157  , 1.28e+05, 2.809             
218            163  , 88   , 2631                 146  , 116  , 2824                 177  , 116  , 2684                 88   , 148  , 2678                 203  , 120  , 2895                 163  , 164  , 2714                 157  , 1.28e+05, 2.842             
219            163  , 88   , 2631                 146  , 128  , 2824                 177  , 128  , 2836                 80   , 150  , 2714                 210  , 120  , 3069                 161  , 170  , 2633                 159  , 1.28e+05, 2.811             
220            160  , 92   , 2780                 144  , 116  , 2882                 175  , 120  , 2780                 75   , 146  , 2930                 200  , 126  , 2943                 159  , 160  , 2654                 159  , 1.28e+05, 2.815             
221            160  , 92   , 2780                 144  , 116  , 2858                 177  , 116  , 2812                 75   , 146  , 2930                 217  , 128  , 2684                 161  , 160  , 2660                 157  , 1.28e+05, 2.833             
222            160  , 92   , 2780                 142  , 126  , 2870                 178  , 116  , 2870                 75   , 146  , 2930                 200  , 128  , 3124                 159  , 164  , 2633                 157  , 1.28e+05, 2.873             
223            160  , 92   , 2780                 144  , 116  , 2836                 180  , 120  , 2905                 78   , 150  , 2660                 249  , 136  , 3017                 161  , 162  , 2695                 157  , 1.28e+05, 2.844             
224            160  , 92   , 2780                 144  , 130  , 2736                 179  , 120  , 2759                 74   , 140  , 2870                 237  , 132  , 2687                 161  , 166  , 2673                 157  , 1.28e+05, 2.825             
225            0    , 0    , 0                    0    , 0    , 0                    0    , 0    , 0                    0    , 0    , 0                    0    , 0    , 0                    0    , 0    , 0                    0    , 0    , 0                    
226            160  , 92   , 2780                 141  , 124  , 2706                 175  , 118  , 2824                 75   , 150  , 2905                 204  , 124  , 3031                 161  , 168  , 2695                 157  , 1.28e+05, 2.816             
227            160  , 92   , 2780                 144  , 124  , 2824                 178  , 120  , 2882                 84   , 150  , 2665                 219  , 124  , 2956                 161  , 164  , 2673                 157  , 1.28e+05, 2.751             
228            160  , 92   , 2780                 142  , 132  , 2803                 176  , 120  , 2836                 84   , 150  , 2665                 219  , 124  , 2956                 161  , 160  , 2706                 157  , 1.28e+05, 2.789             
229            0    , 0    , 0                    0    , 0    , 0                    0    , 0    , 0                    0    , 0    , 0                    0    , 0    , 0                    0    , 0    , 0                    0    , 0    , 0                    
230            160  , 92   , 2780                 142  , 114  , 2812                 177  , 118  , 2748                 76   , 150  , 2670                 247  , 130  , 2966                 159  , 160  , 2638                 157  , 1.28e+05, 2.84              
231            0    , 0    , 0                    0    , 0    , 0                    0    , 0    , 0                    0    , 0    , 0                    0    , 0    , 0                    0    , 0    , 0                    0    , 0    , 0                    
232            160  , 92   , 2780                 141  , 126  , 2684                 175  , 120  , 2812                 76   , 138  , 2768                 197  , 128  , 2628                 161  , 166  , 2654                 157  , 1.28e+05, 2.795             
233            160  , 92   , 2780                 145  , 116  , 2657                 178  , 120  , 2848                 75   , 146  , 2956                 207  , 122  , 2791                 161  , 164  , 2654                 157  , 1.28e+05, 2.788             
234            160  , 92   , 2780                 144  , 112  , 2895                 175  , 112  , 2649                 75   , 146  , 2956                 197  , 132  , 2644                 161  , 152  , 2628                 157  , 1.28e+05, 2.801             
235            160  , 92   , 2780                 142  , 122  , 2780                 177  , 116  , 2836                 75   , 146  , 2956                 204  , 120  , 2993                 161  , 158  , 2714                 157  , 1.28e+05, 2.848             
236            0    , 0    , 0                    0    , 0    , 0                    0    , 0    , 0                    0    , 0    , 0                    0    , 0    , 0                    0    , 0    , 0                    0    , 0    , 0                    
237            0    , 0    , 0                    0    , 0    , 0                    0    , 0    , 0                    0    , 0    , 0                    0    , 0    , 0                    0    , 0    , 0                    0    , 0    , 0                    
238            160  , 92   , 2780                 141  , 126  , 2695                 177  , 116  , 2824                 76   , 150  , 2676                 216  , 124  , 3069                 161  , 166  , 2633                 157  , 1.28e+05, 2.803             
239            160  , 92   , 2780                 142  , 114  , 2870                 177  , 114  , 2803                 77   , 146  , 2930                 201  , 128  , 2660                 161  , 166  , 2584                 157  , 1.28e+05, 2.786             
240            0    , 0    , 0                    0    , 0    , 0                    0    , 0    , 0                    0    , 0    , 0                    0    , 0    , 0                    0    , 0    , 0                    0    , 0    , 0                    
241            160  , 92   , 2780                 144  , 126  , 2725                 179  , 116  , 2673                 77   , 146  , 2930                 209  , 126  , 2657                 161  , 164  , 2652                 157  , 1.28e+05, 2.834             
242            0    , 0    , 0                    0    , 0    , 0                    0    , 0    , 0                    0    , 0    , 0                    0    , 0    , 0                    0    , 0    , 0                    0    , 0    , 0                    
243            160  , 92   , 2780                 144  , 116  , 2870                 175  , 116  , 2736                 74   , 152  , 2687                 205  , 124  , 2662                 161  , 164  , 2673                 157  , 1.28e+05, 2.812             
244            160  , 92   , 2780                 142  , 114  , 2917                 178  , 114  , 2870                 76   , 140  , 2848                 206  , 114  , 2966                 161  , 162  , 2654                 157  , 1.28e+05, 2.841             
245            160  , 92   , 2780                 144  , 116  , 2858                 174  , 116  , 2895                 75   , 146  , 2917                 209  , 120  , 2665                 163  , 162  , 2673                 157  , 1.28e+05, 2.831             
246            160  , 92   , 2780                 146  , 116  , 2882                 176  , 122  , 2858                 70   , 144  , 2665                 209  , 120  , 2665                 161  , 164  , 2684                 157  , 1.28e+05, 2.826             
247            160  , 92   , 2780                 142  , 116  , 2870                 175  , 124  , 2803                 72   , 130  , 2644                 199  , 128  , 2633                 161  , 166  , 2706                 157  , 1.28e+05, 2.845             
248            0    , 0    , 0                    0    , 0    , 0                    0    , 0    , 0                    0    , 0    , 0                    0    , 0    , 0                    0    , 0    , 0                    0    , 0    , 0                    
249            160  , 92   , 2780                 149  , 116  , 2649                 176  , 116  , 2858                 72   , 130  , 2644                 205  , 116  , 2905                 161  , 166  , 2714                 157  , 1.28e+05, 2.821             
250            0    , 0    , 0                    0    , 0    , 0                    0    , 0    , 0                    0    , 0    , 0                    0    , 0    , 0                    0    , 0    , 0                    0    , 0    , 0                    
251            160  , 92   , 2780                 152  , 130  , 2780                 175  , 118  , 2768                 72   , 130  , 2644                 209  , 120  , 2824                 161  , 164  , 2736                 157  , 1.28e+05, 2.798             
252            160  , 92   , 2780                 144  , 114  , 2905                 175  , 116  , 2824                 111  , 120  , 2520                 204  , 116  , 2993                 161  , 162  , 2768                 157  , 1.28e+05, 2.824             
253            0    , 0    , 0                    0    , 0    , 0                    0    , 0    , 0                    0    , 0    , 0                    0    , 0    , 0                    0    , 0    , 0                    0    , 0    , 0                    
254            160  , 92   , 2780                 144  , 116  , 2791                 178  , 116  , 2943                 111  , 120  , 2520                 205  , 120  , 2943                 161  , 164  , 2714                 157  , 1.28e+05, 2.829             
255            160  , 92   , 2780                 146  , 116  , 2780                 173  , 116  , 2824                 78   , 142  , 2665                 205  , 120  , 2943                 161  , 160  , 2706                 157  , 1.28e+05, 2.813             
256            0    , 0    , 0                    0    , 0    , 0                    0    , 0    , 0                    0    , 0    , 0                    0    , 0    , 0                    0    , 0    , 0                    0    , 0    , 0                    
257            160  , 92   , 2780                 143  , 148  , 2641                 175  , 116  , 2780                 72   , 144  , 2668                 196  , 114  , 2993                 161  , 160  , 2641                 157  , 1.28e+05, 2.817             
258            160  , 92   , 2780                 142  , 116  , 2803                 176  , 116  , 2870                 72   , 144  , 2668                 205  , 120  , 2812                 161  , 166  , 2665                 157  , 1.28e+05, 2.802             
259            160  , 92   , 2780                 143  , 128  , 2665                 175  , 118  , 2748                 72   , 144  , 2668                 197  , 118  , 2895                 161  , 164  , 2665                 163  , 1.3e+05, 2.862              
260            160  , 92   , 2780                 140  , 116  , 2882                 175  , 116  , 2768                 72   , 144  , 2668                 197  , 118  , 2895                 159  , 164  , 2665                 163  , 1.3e+05, 2.756              
261            160  , 92   , 2780                 140  , 116  , 2824                 173  , 114  , 2812                 72   , 144  , 2668                 204  , 122  , 3045                 161  , 164  , 2665                 163  , 1.3e+05, 2.838              
262            160  , 92   , 2780                 142  , 116  , 2836                 175  , 116  , 2662                 72   , 144  , 2668                 204  , 122  , 3045                 161  , 166  , 2654                 163  , 1.3e+05, 2.814              
263            160  , 92   , 2780                 141  , 116  , 2660                 179  , 116  , 2824                 72   , 144  , 2668                 204  , 122  , 3045                 164  , 160  , 2803                 163  , 1.3e+05, 2.792              
264            0    , 0    , 0                    0    , 0    , 0                    0    , 0    , 0                    0    , 0    , 0                    0    , 0    , 0                    0    , 0    , 0                    0    , 0    , 0                    
265            185  , 90   , 2706                 155  , 114  , 2706                 195  , 122  , 2636                 90   , 142  , 2759                 233  , 126  , 2870                 179  , 164  , 2605                 169  , 1.3e+05, 2.816              
266            0    , 0    , 0                    0    , 0    , 0                    0    , 0    , 0                    0    , 0    , 0                    0    , 0    , 0                    0    , 0    , 0                    0    , 0    , 0                    
267            225  , 86   , 2684                 203  , 110  , 2736                 231  , 110  , 2649                 131  , 140  , 2644                 273  , 120  , 3003                 223  , 162  , 2725                 199  , 1.33e+05, 2.826             
268            0    , 0    , 0                    0    , 0    , 0                    0    , 0    , 0                    0    , 0    , 0                    0    , 0    , 0                    0    , 0    , 0                    0    , 0    , 0                    
269            0    , 0    , 0                    0    , 0    , 0                    0    , 0    , 0                    0    , 0    , 0                    0    , 0    , 0                    0    , 0    , 0                    0    , 0    , 0                    
270            0    , 0    , 0                    0    , 0    , 0                    0    , 0    , 0                    0    , 0    , 0                    0    , 0    , 0                    0    , 0    , 0                    0    , 0    , 0                    
271            0    , 0    , 0                    0    , 0    , 0                    0    , 0    , 0                    0    , 0    , 0                    0    , 0    , 0                    0    , 0    , 0                    0    , 0    , 0                    
272            0    , 0    , 0                    0    , 0    , 0                    0    , 0    , 0                    0    , 0    , 0                    0    , 0    , 0                    0    , 0    , 0                    0    , 0    , 0                    
273            0    , 0    , 0                    0    , 0    , 0                    0    , 0    , 0                    0    , 0    , 0                    0    , 0    , 0                    0    , 0    , 0                    0    , 0    , 0                    
274            0    , 0    , 0                    0    , 0    , 0                    0    , 0    , 0                    0    , 0    , 0                    0    , 0    , 0                    0    , 0    , 0                    0    , 0    , 0                    
275            0    , 0    , 0                    0    , 0    , 0                    0    , 0    , 0                    0    , 0    , 0                    0    , 0    , 0                    0    , 0    , 0                    0    , 0    , 0                    
276            0    , 0    , 0                    0    , 0    , 0                    0    , 0    , 0                    0    , 0    , 0                    0    , 0    , 0                    0    , 0    , 0                    0    , 0    , 0                    
277            0    , 0    , 0                    0    , 0    , 0                    0    , 0    , 0                    0    , 0    , 0                    0    , 0    , 0                    0    , 0    , 0                    0    , 0    , 0                    
278            0    , 0    , 0                    0    , 0    , 0                    0    , 0    , 0                    0    , 0    , 0                    0    , 0    , 0                    0    , 0    , 0                    0    , 0    , 0                    
279            0    , 0    , 0                    0    , 0    , 0                    0    , 0    , 0                    0    , 0    , 0                    0    , 0    , 0                    0    , 0    , 0                    0    , 0    , 0                    
280            0    , 0    , 0                    0    , 0    , 0                    0    , 0    , 0                    0    , 0    , 0                    0    , 0    , 0                    0    , 0    , 0                    0    , 0    , 0                    
281            0    , 0    , 0                    0    , 0    , 0                    0    , 0    , 0                    0    , 0    , 0                    0    , 0    , 0                    0    , 0    , 0                    0    , 0    , 0                    
282            0    , 0    , 0                    0    , 0    , 0                    0    , 0    , 0                    0    , 0    , 0                    0    , 0    , 0                    0    , 0    , 0                    0    , 0    , 0                    
283            0    , 0    , 0                    0    , 0    , 0                    0    , 0    , 0                    0    , 0    , 0                    0    , 0    , 0                    0    , 0    , 0                    0    , 0    , 0                    
284            0    , 0    , 0                    0    , 0    , 0                    0    , 0    , 0                    0    , 0    , 0                    0    , 0    , 0                    0    , 0    , 0                    0    , 0    , 0                    
285            0    , 0    , 0                    0    , 0    , 0                    0    , 0    , 0                    0    , 0    , 0                    0    , 0    , 0                    0    , 0    , 0                    0    , 0    , 0                    
286            0    , 0    , 0                    0    , 0    , 0                    0    , 0    , 0                    0    , 0    , 0                    0    , 0    , 0                    0    , 0    , 0                    0    , 0    , 0                    
287            0    , 0    , 0                    0    , 0    , 0                    0    , 0    , 0                    0    , 0    , 0                    0    , 0    , 0                    0    , 0    , 0                    0    , 0    , 0                    
288            0    , 0    , 0                    0    , 0    , 0                    0    , 0    , 0                    0    , 0    , 0                    0    , 0    , 0                    0    , 0    , 0                    0    , 0    , 0                    
289            0    , 0    , 0                    0    , 0    , 0                    0    , 0    , 0                    0    , 0    , 0                    0    , 0    , 0                    0    , 0    , 0                    0    , 0    , 0                    
290            0    , 0    , 0                    0    , 0    , 0                    0    , 0    , 0                    0    , 0    , 0                    0    , 0    , 0                    0    , 0    , 0                    0    , 0    , 0                    
291            0    , 0    , 0                    0    , 0    , 0                    0    , 0    , 0                    0    , 0    , 0                    0    , 0    , 0                    0    , 0    , 0                    0    , 0    , 0                    
292            0    , 0    , 0                    0    , 0    , 0                    0    , 0    , 0                    0    , 0    , 0                    0    , 0    , 0                    0    , 0    , 0                    0    , 0    , 0                    
293            0    , 0    , 0                    0    , 0    , 0                    0    , 0    , 0                    0    , 0    , 0                    0    , 0    , 0                    0    , 0    , 0                    0    , 0    , 0                    
294            0    , 0    , 0                    0    , 0    , 0                    0    , 0    , 0                    0    , 0    , 0                    0    , 0    , 0                    0    , 0    , 0                    0    , 0    , 0                    
295            0    , 0    , 0                    0    , 0    , 0                    0    , 0    , 0                    0    , 0    , 0                    0    , 0    , 0                    0    , 0    , 0                    0    , 0    , 0                    
296            0    , 0    , 0                    0    , 0    , 0                    0    , 0    , 0                    0    , 0    , 0                    0    , 0    , 0                    0    , 0    , 0                    0    , 0    , 0                    
297            0    , 0    , 0                    0    , 0    , 0                    0    , 0    , 0                    0    , 0    , 0                    0    , 0    , 0                    0    , 0    , 0                    0    , 0    , 0                    
298            0    , 0    , 0                    0    , 0    , 0                    0    , 0    , 0                    0    , 0    , 0                    0    , 0    , 0                    0    , 0    , 0                    0    , 0    , 0                    
299            0    , 0    , 0                    0    , 0    , 0                    0    , 0    , 0                    0    , 0    , 0                    0    , 0    , 0                    0    , 0    , 0                    0    , 0    , 0                    
300            0    , 0    , 0                    0    , 0    , 0                    0    , 0    , 0                    0    , 0    , 0                    0    , 0    , 0                    0    , 0    , 0                    0    , 0    , 0                    
301            0    , 0    , 0                    0    , 0    , 0                    0    , 0    , 0                    0    , 0    , 0                    0    , 0    , 0                    0    , 0    , 0                    0    , 0    , 0                    
302            0    , 0    , 0                    0    , 0    , 0                    0    , 0    , 0                    0    , 0    , 0                    0    , 0    , 0                    0    , 0    , 0                    0    , 0    , 0                    
303            0    , 0    , 0                    0    , 0    , 0                    0    , 0    , 0                    0    , 0    , 0                    0    , 0    , 0                    0    , 0    , 0                    0    , 0    , 0                    
304            0    , 0    , 0                    0    , 0    , 0                    0    , 0    , 0                    0    , 0    , 0                    0    , 0    , 0                    0    , 0    , 0                    0    , 0    , 0                    
305            0    , 0    , 0                    0    , 0    , 0                    0    , 0    , 0                    0    , 0    , 0                    0    , 0    , 0                    0    , 0    , 0                    0    , 0    , 0                    
306            0    , 0    , 0                    0    , 0    , 0                    0    , 0    , 0                    0    , 0    , 0                    0    , 0    , 0                    0    , 0    , 0                    0    , 0    , 0                    
307            0    , 0    , 0                    0    , 0    , 0                    0    , 0    , 0                    0    , 0    , 0                    0    , 0    , 0                    0    , 0    , 0                    0    , 0    , 0                    
308            0    , 0    , 0                    0    , 0    , 0                    0    , 0    , 0                    0    , 0    , 0                    0    , 0    , 0                    0    , 0    , 0                    0    , 0    , 0                    
309            0    , 0    , 0                    0    , 0    , 0                    0    , 0    , 0                    0    , 0    , 0                    0    , 0    , 0                    0    , 0    , 0                    0    , 0    , 0                    
310            0    , 0    , 0                    0    , 0    , 0                    0    , 0    , 0                    0    , 0    , 0                    0    , 0    , 0                    0    , 0    , 0                    0    , 0    , 0                    
311            0    , 0    , 0                    0    , 0    , 0                    0    , 0    , 0                    0    , 0    , 0                    0    , 0    , 0                    0    , 0    , 0                    0    , 0    , 0                    
312            0    , 0    , 0                    0    , 0    , 0                    0    , 0    , 0                    0    , 0    , 0                    0    , 0    , 0                    0    , 0    , 0                    0    , 0    , 0                    
313            0    , 0    , 0                    0    , 0    , 0                    0    , 0    , 0                    0    , 0    , 0                    0    , 0    , 0                    0    , 0    , 0                    0    , 0    , 0                    
314            0    , 0    , 0                    0    , 0    , 0                    0    , 0    , 0                    0    , 0    , 0                    0    , 0    , 0                    0    , 0    , 0                    0    , 0    , 0                    
315            0    , 0    , 0                    0    , 0    , 0                    0    , 0    , 0                    0    , 0    , 0                    0    , 0    , 0                    0    , 0    , 0                    0    , 0    , 0                    
