
Beginning joint data output...


Time           JOINT_HEAD                         JOINT_SHOULDER_LEFT                JOINT_SHOULDER_RIGHT               JOINT_HAND_LEFT                    JOINT_HAND_RIGHT                   JOINT_SPINE_MID                    JOINT_CENTER_MASS                  
1              194  , 61   , 1953                 183  , 116  , 2038                 224  , 106  , 2027                 102  , 158  , 2184                 303  , 158  , 1792                 197  , 164  , 2021                 201  , 1.08e+05, 2.013             
2              194  , 61   , 1953                 169  , 106  , 2081                 214  , 114  , 1964                 102  , 158  , 2184                 307  , 174  , 1869                 185  , 160  , 1992                 197  , 1.15e+05, 2.008             
3              180  , 80   , 1911                 167  , 106  , 2074                 207  , 108  , 2027                 86   , 174  , 2112                 278  , 189  , 2107                 181  , 162  , 2027                 197  , 1.15e+05, 2.061             
4              180  , 80   , 1911                 153  , 120  , 2074                 201  , 114  , 2050                 86   , 174  , 2112                 278  , 182  , 2021                 173  , 166  , 1969                 184  , 1.27e+05, 2.003             
5              180  , 80   , 1911                 153  , 114  , 2044                 197  , 112  , 2068                 74   , 166  , 2177                 271  , 172  , 2131                 169  , 156  , 1992                 184  , 1.27e+05, 2.118             
6              165  , 68   , 2014                 144  , 96   , 2219                 191  , 112  , 2061                 74   , 166  , 2177                 265  , 168  , 2224                 167  , 156  , 1981                 173  , 1.19e+05, 2.027             
7              165  , 68   , 2014                 149  , 116  , 2008                 189  , 102  , 2129                 65   , 170  , 2204                 269  , 158  , 2177                 165  , 156  , 1986                 173  , 1.19e+05, 2.097             
8              165  , 68   , 2014                 147  , 122  , 2050                 185  , 100  , 2124                 65   , 170  , 2204                 269  , 150  , 2254                 165  , 158  , 2014                 165  , 1.15e+05, 2.088             
9              165  , 68   , 2014                 138  , 108  , 2152                 185  , 122  , 2164                 65   , 170  , 2204                 274  , 150  , 2069                 163  , 164  , 2021                 165  , 1.15e+05, 2.12              
10             165  , 68   , 2014                 138  , 100  , 2087                 187  , 100  , 2184                 65   , 170  , 2204                 266  , 146  , 2097                 165  , 158  , 2021                 161  , 1.15e+05, 2.131             
11             165  , 68   , 2014                 138  , 112  , 2131                 187  , 110  , 2152                 65   , 170  , 2204                 266  , 146  , 2097                 165  , 164  , 1992                 161  , 1.15e+05, 2.142             
12             165  , 68   , 2014                 140  , 108  , 2184                 192  , 108  , 2224                 65   , 170  , 2204                 266  , 146  , 2097                 165  , 164  , 2050                 158  , 1.15e+05, 2.147             
13             165  , 68   , 2014                 140  , 106  , 2109                 188  , 102  , 2198                 65   , 170  , 2204                 266  , 146  , 2097                 167  , 160  , 2031                 158  , 1.15e+05, 2.169             
14             165  , 68   , 2014                 140  , 102  , 2224                 190  , 100  , 2247                 65   , 170  , 2204                 266  , 146  , 2097                 165  , 160  , 2027                 158  , 1.15e+05, 2.142             
15             165  , 68   , 2014                 140  , 106  , 2224                 187  , 98   , 2116                 65   , 170  , 2204                 266  , 146  , 2097                 167  , 160  , 1992                 158  , 1.15e+05, 2.162             
16             165  , 68   , 2014                 140  , 122  , 2143                 185  , 94   , 2184                 65   , 170  , 2204                 266  , 146  , 2097                 167  , 164  , 1992                 158  , 1.15e+05, 2.174             
17             165  , 68   , 2014                 140  , 106  , 2211                 181  , 116  , 2112                 65   , 170  , 2204                 231  , 126  , 2268                 167  , 160  , 2021                 158  , 1.15e+05, 2.159             
18             165  , 68   , 2014                 140  , 104  , 2247                 186  , 102  , 2198                 65   , 170  , 2204                 272  , 134  , 2079                 169  , 156  , 2044                 157  , 1.15e+05, 2.187             
19             165  , 68   , 2014                 140  , 108  , 2177                 187  , 102  , 2191                 65   , 170  , 2204                 249  , 134  , 2136                 167  , 160  , 2031                 157  , 1.15e+05, 2.13              
20             165  , 68   , 2014                 140  , 104  , 2136                 179  , 116  , 2081                 65   , 170  , 2204                 220  , 118  , 2322                 165  , 158  , 2027                 157  , 1.15e+05, 2.145             
21             165  , 68   , 2014                 138  , 106  , 2219                 188  , 94   , 2232                 65   , 170  , 2204                 263  , 146  , 2112                 167  , 152  , 2044                 157  , 1.15e+05, 2.138             
22             165  , 68   , 2014                 140  , 104  , 2143                 187  , 98   , 2191                 65   , 170  , 2204                 263  , 146  , 2112                 167  , 156  , 2021                 157  , 1.15e+05, 2.115             
23             165  , 68   , 2014                 140  , 102  , 2177                 185  , 102  , 2177                 65   , 170  , 2204                 263  , 146  , 2112                 165  , 156  , 2038                 157  , 1.15e+05, 2.113             
24             165  , 68   , 2014                 136  , 102  , 2119                 184  , 98   , 2191                 65   , 170  , 2204                 263  , 146  , 2112                 163  , 158  , 2068                 157  , 1.15e+05, 2.121             
25             165  , 68   , 2014                 136  , 100  , 2119                 181  , 98   , 2119                 65   , 170  , 2204                 263  , 146  , 2112                 163  , 158  , 2061                 157  , 1.15e+05, 2.136             
26             165  , 68   , 2014                 134  , 102  , 2247                 171  , 102  , 2111                 65   , 170  , 2204                 263  , 146  , 2112                 159  , 156  , 2057                 154  , 1.15e+05, 2.134             
27             165  , 68   , 2014                 134  , 100  , 2124                 173  , 98   , 2111                 59   , 170  , 2276                 221  , 112  , 2157                 159  , 158  , 2124                 154  , 1.15e+05, 2.144             
28             165  , 68   , 2014                 136  , 102  , 2114                 179  , 98   , 2116                 56   , 156  , 2124                 267  , 140  , 2133                 163  , 158  , 2099                 154  , 1.15e+05, 2.157             
29             165  , 68   , 2014                 140  , 104  , 2219                 184  , 102  , 2191                 63   , 168  , 2191                 267  , 140  , 2133                 165  , 156  , 2081                 154  , 1.15e+05, 2.194             
30             165  , 68   , 2014                 138  , 104  , 2239                 184  , 94   , 2191                 63   , 168  , 2191                 267  , 140  , 2133                 163  , 144  , 2112                 157  , 1.15e+05, 2.173             
31             165  , 68   , 2014                 140  , 108  , 2184                 184  , 102  , 2224                 63   , 168  , 2191                 267  , 140  , 2133                 165  , 156  , 2099                 157  , 1.15e+05, 2.199             
32             165  , 68   , 2014                 142  , 104  , 2260                 173  , 114  , 2112                 63   , 168  , 2191                 267  , 140  , 2133                 167  , 156  , 2074                 157  , 1.15e+05, 2.195             
33             165  , 68   , 2014                 136  , 108  , 2232                 172  , 106  , 2204                 63   , 168  , 2191                 206  , 110  , 2353                 161  , 158  , 2061                 157  , 1.15e+05, 2.212             
34             165  , 68   , 2014                 138  , 110  , 2211                 182  , 112  , 2232                 60   , 164  , 2133                 270  , 146  , 2114                 161  , 152  , 2092                 157  , 1.15e+05, 2.225             
35             0    , 0    , 0                    0    , 0    , 0                    0    , 0    , 0                    0    , 0    , 0                    0    , 0    , 0                    0    , 0    , 0                    0    , 0    , 0                    
36             165  , 68   , 2014                 136  , 110  , 2092                 180  , 108  , 2204                 57   , 162  , 2268                 270  , 146  , 2114                 161  , 154  , 2068                 154  , 1.15e+05, 2.22              
37             165  , 68   , 2014                 136  , 112  , 2239                 182  , 112  , 2219                 57   , 162  , 2268                 267  , 144  , 2145                 159  , 160  , 2094                 154  , 1.15e+05, 2.207             
38             150  , 74   , 2124                 138  , 108  , 2247                 182  , 106  , 2239                 57   , 162  , 2268                 267  , 144  , 2145                 159  , 156  , 2081                 154  , 1.15e+05, 2.191             
39             150  , 74   , 2124                 134  , 108  , 2276                 176  , 106  , 2211                 57   , 162  , 2268                 267  , 140  , 2131                 161  , 156  , 2107                 154  , 1.15e+05, 2.208             
40             150  , 74   , 2124                 136  , 110  , 2247                 178  , 114  , 2191                 57   , 162  , 2268                 267  , 140  , 2131                 161  , 158  , 2087                 154  , 1.15e+05, 2.245             
41             150  , 74   , 2124                 138  , 108  , 2254                 174  , 112  , 2224                 57   , 162  , 2268                 221  , 126  , 2157                 161  , 158  , 2050                 154  , 1.15e+05, 2.242             
42             150  , 74   , 2124                 136  , 110  , 2219                 172  , 110  , 2232                 57   , 162  , 2268                 223  , 116  , 2260                 161  , 162  , 2057                 154  , 1.15e+05, 2.2               
43             150  , 74   , 2124                 136  , 106  , 2297                 180  , 114  , 2232                 56   , 162  , 1964                 267  , 136  , 2224                 159  , 158  , 2109                 154  , 1.15e+05, 2.229             
44             150  , 74   , 2124                 136  , 108  , 2330                 171  , 108  , 2152                 53   , 162  , 2305                 224  , 122  , 2344                 159  , 160  , 2097                 154  , 1.15e+05, 2.23              
45             150  , 74   , 2124                 138  , 108  , 2268                 173  , 112  , 2143                 53   , 162  , 2305                 212  , 114  , 2336                 161  , 162  , 2087                 154  , 1.15e+05, 2.237             
46             0    , 0    , 0                    0    , 0    , 0                    0    , 0    , 0                    0    , 0    , 0                    0    , 0    , 0                    0    , 0    , 0                    0    , 0    , 0                    
47             150  , 74   , 2124                 136  , 104  , 2177                 178  , 112  , 2198                 52   , 162  , 2124                 268  , 136  , 2111                 159  , 160  , 2101                 154  , 1.15e+05, 2.221             
48             150  , 74   , 2124                 136  , 106  , 2219                 176  , 106  , 2260                 52   , 162  , 2124                 268  , 136  , 2111                 159  , 158  , 2101                 154  , 1.15e+05, 2.223             
49             150  , 74   , 2124                 136  , 106  , 2322                 168  , 112  , 2198                 52   , 162  , 2124                 227  , 128  , 2121                 159  , 156  , 2114                 154  , 1.15e+05, 2.239             
50             150  , 74   , 2124                 136  , 108  , 2284                 174  , 106  , 2184                 56   , 160  , 1992                 234  , 124  , 2361                 159  , 156  , 2068                 154  , 1.15e+05, 2.241             
51             150  , 74   , 2124                 136  , 106  , 2305                 178  , 106  , 2239                 56   , 160  , 1992                 269  , 136  , 2254                 159  , 156  , 2092                 154  , 1.15e+05, 2.225             
52             0    , 0    , 0                    0    , 0    , 0                    0    , 0    , 0                    0    , 0    , 0                    0    , 0    , 0                    0    , 0    , 0                    0    , 0    , 0                    
53             150  , 74   , 2124                 136  , 108  , 2232                 174  , 106  , 2254                 53   , 162  , 2260                 232  , 120  , 2313                 159  , 158  , 2112                 154  , 1.15e+05, 2.244             
54             150  , 74   , 2124                 136  , 106  , 2260                 172  , 106  , 2232                 53   , 162  , 2260                 218  , 118  , 2291                 159  , 158  , 2087                 154  , 1.15e+05, 2.247             
55             150  , 74   , 2124                 136  , 108  , 2247                 174  , 114  , 2198                 52   , 160  , 2068                 218  , 118  , 2291                 159  , 152  , 2119                 154  , 1.15e+05, 2.252             
56             150  , 74   , 2124                 136  , 110  , 2232                 174  , 106  , 2268                 53   , 162  , 2336                 218  , 118  , 2291                 159  , 160  , 2099                 154  , 1.15e+05, 2.234             
57             150  , 74   , 2124                 136  , 108  , 2184                 177  , 102  , 2114                 53   , 162  , 2336                 269  , 138  , 2276                 159  , 156  , 2084                 154  , 1.15e+05, 2.231             
58             150  , 74   , 2124                 136  , 106  , 2260                 176  , 112  , 2219                 53   , 162  , 2336                 232  , 122  , 2313                 159  , 160  , 2099                 154  , 1.15e+05, 2.218             
59             150  , 74   , 2124                 136  , 106  , 2297                 176  , 118  , 2184                 53   , 162  , 2336                 232  , 122  , 2313                 159  , 154  , 2117                 154  , 1.15e+05, 2.252             
60             150  , 74   , 2124                 136  , 116  , 2260                 178  , 114  , 2177                 53   , 162  , 2336                 221  , 112  , 2224                 161  , 156  , 2031                 154  , 1.15e+05, 2.219             
61             150  , 74   , 2124                 138  , 114  , 2204                 182  , 114  , 2198                 53   , 162  , 2336                 268  , 140  , 2106                 159  , 164  , 2106                 154  , 1.15e+05, 2.239             
62             150  , 74   , 2124                 136  , 108  , 2239                 180  , 108  , 2239                 50   , 160  , 2117                 268  , 140  , 2106                 161  , 152  , 2116                 154  , 1.15e+05, 2.227             
63             150  , 74   , 2124                 136  , 104  , 2305                 170  , 104  , 2211                 50   , 160  , 2117                 222  , 114  , 2021                 159  , 156  , 2061                 154  , 1.15e+05, 2.199             
64             0    , 0    , 0                    0    , 0    , 0                    0    , 0    , 0                    0    , 0    , 0                    0    , 0    , 0                    0    , 0    , 0                    0    , 0    , 0                    
65             150  , 74   , 2124                 134  , 116  , 2198                 170  , 106  , 2239                 50   , 160  , 2117                 225  , 120  , 2276                 159  , 160  , 2112                 154  , 1.15e+05, 2.221             
66             150  , 74   , 2124                 132  , 114  , 2114                 174  , 108  , 2284                 50   , 160  , 2117                 244  , 124  , 2344                 157  , 162  , 2111                 150  , 1.15e+05, 2.207             
67             150  , 74   , 2124                 130  , 110  , 2260                 174  , 106  , 2260                 43   , 164  , 2276                 225  , 116  , 2268                 155  , 162  , 2068                 150  , 1.15e+05, 2.216             
68             0    , 0    , 0                    0    , 0    , 0                    0    , 0    , 0                    0    , 0    , 0                    0    , 0    , 0                    0    , 0    , 0                    0    , 0    , 0                    
69             150  , 74   , 2124                 130  , 118  , 2254                 172  , 118  , 2232                 44   , 168  , 2123                 257  , 124  , 2284                 153  , 166  , 2081                 146  , 1.15e+05, 2.176             
70             150  , 74   , 2124                 128  , 110  , 2184                 172  , 110  , 2260                 44   , 168  , 2123                 255  , 136  , 2124                 151  , 156  , 2087                 143  , 1.18e+05, 2.177             
71             0    , 0    , 0                    0    , 0    , 0                    0    , 0    , 0                    0    , 0    , 0                    0    , 0    , 0                    0    , 0    , 0                    0    , 0    , 0                    
72             150  , 74   , 2124                 126  , 122  , 2239                 166  , 106  , 2247                 43   , 166  , 2330                 255  , 136  , 2124                 151  , 160  , 2074                 143  , 1.18e+05, 2.237             
73             150  , 74   , 2124                 128  , 108  , 2232                 166  , 102  , 2198                 39   , 164  , 2152                 200  , 116  , 2336                 149  , 158  , 2068                 143  , 1.18e+05, 2.209             
74             150  , 74   , 2124                 126  , 124  , 2204                 168  , 104  , 2211                 39   , 164  , 2152                 253  , 138  , 2260                 151  , 156  , 2081                 143  , 1.18e+05, 2.213             
75             0    , 0    , 0                    0    , 0    , 0                    0    , 0    , 0                    0    , 0    , 0                    0    , 0    , 0                    0    , 0    , 0                    0    , 0    , 0                    
76             150  , 74   , 2124                 126  , 110  , 2239                 168  , 104  , 2260                 39   , 164  , 2152                 256  , 140  , 2089                 149  , 156  , 2081                 147  , 1.14e+05, 2.204             
77             150  , 74   , 2124                 126  , 118  , 2164                 174  , 118  , 2254                 39   , 164  , 2152                 256  , 140  , 2089                 153  , 166  , 2112                 147  , 1.14e+05, 2.199             
78             150  , 74   , 2124                 128  , 116  , 2247                 174  , 116  , 2239                 45   , 160  , 2268                 256  , 140  , 2089                 153  , 164  , 2092                 150  , 1.14e+05, 2.224             
79             150  , 74   , 2124                 130  , 114  , 2232                 174  , 112  , 2219                 45   , 160  , 2268                 256  , 140  , 2089                 155  , 160  , 2074                 150  , 1.14e+05, 2.206             
80             150  , 74   , 2124                 130  , 110  , 2254                 170  , 112  , 2224                 46   , 162  , 2107                 221  , 112  , 2096                 155  , 160  , 2057                 150  , 1.14e+05, 2.195             
81             150  , 74   , 2124                 130  , 106  , 2284                 172  , 102  , 2211                 43   , 162  , 2260                 203  , 110  , 2068                 155  , 156  , 2081                 150  , 1.14e+05, 2.177             
82             150  , 74   , 2124                 134  , 108  , 2268                 178  , 104  , 2260                 45   , 164  , 2239                 263  , 140  , 2109                 157  , 160  , 2014                 153  , 1.14e+05, 2.221             
83             150  , 74   , 2124                 134  , 104  , 2224                 176  , 108  , 2268                 47   , 160  , 2204                 263  , 140  , 2109                 159  , 158  , 2116                 153  , 1.14e+05, 2.194             
84             150  , 74   , 2124                 134  , 112  , 2219                 174  , 108  , 2169                 47   , 160  , 2204                 220  , 122  , 2361                 159  , 162  , 2061                 153  , 1.14e+05, 2.223             
85             150  , 74   , 2124                 134  , 108  , 2204                 174  , 106  , 2268                 47   , 160  , 2204                 220  , 122  , 2361                 157  , 156  , 2057                 153  , 1.14e+05, 2.201             
86             150  , 74   , 2124                 134  , 110  , 2211                 178  , 102  , 2260                 50   , 164  , 2031                 225  , 112  , 2112                 159  , 158  , 2117                 153  , 1.14e+05, 2.2               
87             150  , 74   , 2124                 134  , 108  , 2260                 178  , 108  , 2254                 49   , 162  , 2198                 265  , 136  , 2116                 159  , 160  , 2074                 153  , 1.14e+05, 2.198             
88             150  , 74   , 2124                 134  , 108  , 2247                 180  , 112  , 2239                 49   , 162  , 2198                 265  , 136  , 2116                 161  , 158  , 2066                 153  , 1.14e+05, 2.193             
89             150  , 74   , 2124                 134  , 108  , 2291                 178  , 106  , 2204                 49   , 162  , 2198                 222  , 120  , 2384                 159  , 160  , 2112                 153  , 1.14e+05, 2.178             
90             150  , 74   , 2124                 134  , 110  , 2239                 177  , 112  , 2157                 52   , 164  , 2087                 213  , 126  , 2133                 159  , 158  , 2099                 156  , 1.14e+05, 2.211             
91             150  , 74   , 2124                 134  , 112  , 2224                 175  , 102  , 2140                 58   , 160  , 1943                 220  , 122  , 2367                 159  , 152  , 2106                 156  , 1.14e+05, 2.197             
92             0    , 0    , 0                    0    , 0    , 0                    0    , 0    , 0                    0    , 0    , 0                    0    , 0    , 0                    0    , 0    , 0                    0    , 0    , 0                    
93             150  , 74   , 2124                 134  , 108  , 2198                 176  , 112  , 2232                 51   , 164  , 2219                 220  , 122  , 2367                 159  , 148  , 2081                 156  , 1.14e+05, 2.207             
94             150  , 74   , 2124                 134  , 110  , 2232                 180  , 104  , 2184                 51   , 164  , 2219                 217  , 112  , 2086                 159  , 158  , 2106                 156  , 1.14e+05, 2.218             
95             0    , 0    , 0                    0    , 0    , 0                    0    , 0    , 0                    0    , 0    , 0                    0    , 0    , 0                    0    , 0    , 0                    0    , 0    , 0                    
96             0    , 0    , 0                    0    , 0    , 0                    0    , 0    , 0                    0    , 0    , 0                    0    , 0    , 0                    0    , 0    , 0                    0    , 0    , 0                    
97             150  , 74   , 2124                 134  , 108  , 2124                 178  , 106  , 2219                 51   , 164  , 2219                 217  , 112  , 2086                 159  , 158  , 2131                 156  , 1.14e+05, 2.212             
98             150  , 74   , 2124                 134  , 112  , 2164                 178  , 108  , 2247                 51   , 164  , 2219                 217  , 112  , 2086                 159  , 160  , 2079                 153  , 1.14e+05, 2.207             
99             150  , 74   , 2124                 132  , 110  , 2239                 182  , 106  , 2247                 51   , 164  , 2219                 266  , 136  , 2096                 157  , 162  , 2057                 153  , 1.14e+05, 2.222             
100            150  , 74   , 2124                 132  , 106  , 2204                 174  , 102  , 2247                 45   , 166  , 2297                 218  , 116  , 2284                 157  , 156  , 2068                 153  , 1.14e+05, 2.17              
101            150  , 74   , 2124                 132  , 110  , 2224                 173  , 102  , 2133                 45   , 166  , 2297                 218  , 116  , 2284                 155  , 158  , 2074                 153  , 1.14e+05, 2.223             
102            150  , 74   , 2124                 126  , 118  , 2204                 174  , 120  , 2219                 45   , 166  , 2297                 250  , 138  , 2061                 153  , 158  , 2061                 150  , 1.14e+05, 2.193             
103            150  , 74   , 2124                 126  , 110  , 2224                 174  , 104  , 2239                 41   , 162  , 2152                 259  , 136  , 2247                 151  , 152  , 2044                 150  , 1.14e+05, 2.203             
104            150  , 74   , 2124                 124  , 110  , 2219                 174  , 108  , 2232                 41   , 162  , 2152                 249  , 124  , 2114                 149  , 160  , 2061                 150  , 1.14e+05, 2.195             
105            150  , 74   , 2124                 122  , 118  , 2169                 164  , 108  , 2254                 41   , 162  , 2152                 214  , 122  , 2268                 147  , 162  , 2031                 150  , 1.14e+05, 2.249             
106            150  , 74   , 2124                 122  , 116  , 2143                 164  , 116  , 2232                 26   , 160  , 2081                 249  , 138  , 2143                 145  , 166  , 2068                 143  , 1.14e+05, 2.215             
107            150  , 74   , 2124                 120  , 126  , 2164                 162  , 112  , 2211                 26   , 160  , 2081                 249  , 138  , 2143                 143  , 160  , 2087                 143  , 1.14e+05, 2.194             
108            132  , 76   , 2124                 120  , 112  , 2184                 160  , 106  , 2239                 26   , 160  , 2081                 196  , 112  , 2297                 143  , 158  , 2061                 140  , 1.14e+05, 2.211             
109            132  , 76   , 2124                 120  , 104  , 2111                 166  , 104  , 2204                 32   , 166  , 2092                 251  , 136  , 2232                 144  , 156  , 2106                 140  , 1.14e+05, 2.2               
110            132  , 76   , 2124                 124  , 112  , 2119                 170  , 108  , 2260                 35   , 164  , 2177                 251  , 136  , 2232                 147  , 162  , 2057                 140  , 1.14e+05, 2.173             
111            132  , 76   , 2124                 124  , 110  , 2211                 170  , 102  , 2247                 35   , 164  , 2177                 251  , 136  , 2232                 150  , 156  , 2124                 140  , 1.14e+05, 2.187             
112            132  , 76   , 2124                 128  , 114  , 2157                 176  , 114  , 2268                 41   , 160  , 2177                 263  , 128  , 2239                 153  , 164  , 2050                 147  , 1.14e+05, 2.192             
113            132  , 76   , 2124                 126  , 110  , 2164                 168  , 106  , 2254                 41   , 160  , 2177                 223  , 120  , 2260                 151  , 162  , 2112                 147  , 1.14e+05, 2.209             
114            132  , 76   , 2124                 124  , 114  , 2112                 172  , 114  , 2239                 41   , 160  , 2177                 259  , 136  , 2276                 149  , 162  , 2057                 150  , 1.14e+05, 2.209             
115            132  , 76   , 2124                 122  , 112  , 2152                 166  , 112  , 2224                 41   , 160  , 2177                 255  , 140  , 2109                 145  , 166  , 2061                 150  , 1.14e+05, 2.22              
116            132  , 76   , 2124                 118  , 110  , 2297                 168  , 108  , 2305                 41   , 160  , 2177                 255  , 140  , 2109                 145  , 162  , 2099                 143  , 1.14e+05, 2.198             
117            132  , 76   , 2124                 118  , 110  , 2164                 164  , 112  , 2211                 41   , 160  , 2177                 249  , 142  , 2191                 143  , 162  , 2087                 143  , 1.14e+05, 2.163             
118            132  , 76   , 2124                 118  , 114  , 2232                 164  , 114  , 2191                 41   , 160  , 2177                 249  , 142  , 2191                 141  , 166  , 2074                 143  , 1.14e+05, 2.221             
119            132  , 76   , 2124                 118  , 110  , 2126                 159  , 108  , 2128                 25   , 164  , 2126                 249  , 142  , 2191                 141  , 164  , 2057                 143  , 1.14e+05, 2.22              
120            132  , 76   , 2124                 118  , 112  , 2224                 159  , 108  , 2123                 25   , 164  , 2126                 243  , 138  , 2305                 142  , 162  , 2143                 140  , 1.14e+05, 2.223             
121            132  , 76   , 2124                 118  , 110  , 2198                 164  , 110  , 2260                 25   , 164  , 2126                 224  , 124  , 2540                 142  , 160  , 2116                 140  , 1.14e+05, 2.202             
122            132  , 76   , 2124                 118  , 112  , 2260                 160  , 116  , 2247                 25   , 164  , 2126                 244  , 138  , 2344                 144  , 162  , 2136                 140  , 1.14e+05, 2.215             
123            132  , 76   , 2124                 118  , 108  , 2169                 162  , 108  , 2276                 25   , 164  , 2126                 244  , 138  , 2344                 144  , 162  , 2124                 140  , 1.14e+05, 2.196             
124            132  , 76   , 2124                 120  , 126  , 2184                 160  , 108  , 2284                 25   , 164  , 2126                 244  , 138  , 2344                 144  , 162  , 2099                 140  , 1.14e+05, 2.201             
125            132  , 76   , 2124                 120  , 116  , 2101                 162  , 110  , 2254                 32   , 166  , 1998                 244  , 138  , 2344                 143  , 164  , 2044                 140  , 1.14e+05, 2.204             
126            132  , 76   , 2124                 120  , 128  , 2204                 162  , 116  , 2247                 31   , 162  , 2136                 244  , 138  , 2344                 144  , 162  , 2104                 140  , 1.14e+05, 2.224             
127            132  , 76   , 2124                 122  , 118  , 2116                 162  , 108  , 2247                 31   , 162  , 2136                 244  , 138  , 2344                 144  , 162  , 2143                 140  , 1.14e+05, 2.206             
128            132  , 76   , 2124                 120  , 124  , 2204                 164  , 110  , 2276                 31   , 162  , 2136                 204  , 124  , 2330                 144  , 162  , 2112                 140  , 1.14e+05, 2.224             
129            132  , 76   , 2124                 122  , 124  , 2204                 162  , 116  , 2211                 33   , 168  , 2291                 204  , 124  , 2330                 143  , 158  , 2092                 140  , 1.14e+05, 2.189             
130            132  , 76   , 2124                 122  , 124  , 2169                 162  , 110  , 2224                 33   , 168  , 2291                 198  , 116  , 2361                 144  , 162  , 2099                 139  , 1.14e+05, 2.212             
131            132  , 76   , 2124                 122  , 120  , 2219                 166  , 112  , 2268                 52   , 158  , 1981                 253  , 134  , 2119                 145  , 166  , 2087                 139  , 1.14e+05, 2.219             
132            132  , 76   , 2124                 120  , 120  , 2260                 164  , 108  , 2219                 31   , 168  , 2191                 206  , 118  , 2393                 146  , 162  , 2117                 139  , 1.14e+05, 2.218             
133            0    , 0    , 0                    0    , 0    , 0                    0    , 0    , 0                    0    , 0    , 0                    0    , 0    , 0                    0    , 0    , 0                    0    , 0    , 0                    
134            0    , 0    , 0                    0    , 0    , 0                    0    , 0    , 0                    0    , 0    , 0                    0    , 0    , 0                    0    , 0    , 0                    0    , 0    , 0                    
135            132  , 76   , 2124                 114  , 114  , 2239                 164  , 114  , 2224                 31   , 168  , 2191                 247  , 138  , 2141                 141  , 166  , 2068                 139  , 1.14e+05, 2.199             
136            132  , 76   , 2124                 116  , 106  , 2121                 162  , 108  , 2284                 31   , 168  , 2191                 247  , 138  , 2141                 141  , 162  , 2068                 137  , 1.14e+05, 2.217             
137            132  , 76   , 2124                 120  , 126  , 2152                 166  , 110  , 2276                 31   , 168  , 2191                 247  , 138  , 2141                 145  , 164  , 2092                 137  , 1.14e+05, 2.189             
138            0    , 0    , 0                    0    , 0    , 0                    0    , 0    , 0                    0    , 0    , 0                    0    , 0    , 0                    0    , 0    , 0                    0    , 0    , 0                    
139            132  , 76   , 2124                 122  , 120  , 2239                 172  , 104  , 2276                 37   , 164  , 2164                 209  , 118  , 2131                 147  , 160  , 2044                 140  , 1.14e+05, 2.203             
140            132  , 76   , 2124                 118  , 120  , 2204                 166  , 108  , 2239                 37   , 164  , 2164                 245  , 138  , 2129                 143  , 164  , 2074                 143  , 1.14e+05, 2.178             
141            132  , 76   , 2124                 113  , 114  , 2291                 162  , 114  , 2219                 25   , 166  , 2119                 245  , 138  , 2129                 139  , 166  , 2084                 143  , 1.14e+05, 2.202             
142            132  , 76   , 2124                 112  , 112  , 2232                 160  , 112  , 2291                 25   , 166  , 2119                 241  , 138  , 2284                 140  , 166  , 2112                 137  , 1.14e+05, 2.229             
143            132  , 76   , 2124                 114  , 124  , 2164                 160  , 108  , 2232                 25   , 166  , 2119                 241  , 138  , 2284                 140  , 164  , 2111                 137  , 1.14e+05, 2.216             
144            0    , 0    , 0                    0    , 0    , 0                    0    , 0    , 0                    0    , 0    , 0                    0    , 0    , 0                    0    , 0    , 0                    0    , 0    , 0                    
145            132  , 76   , 2124                 115  , 110  , 2305                 160  , 116  , 2184                 25   , 166  , 2119                 241  , 138  , 2284                 140  , 162  , 2107                 140  , 1.14e+05, 2.216             
146            132  , 76   , 2124                 116  , 112  , 2224                 160  , 112  , 2224                 26   , 162  , 2092                 241  , 138  , 2284                 142  , 164  , 2119                 140  , 1.14e+05, 2.226             
147            132  , 76   , 2124                 116  , 120  , 2239                 162  , 118  , 2184                 26   , 162  , 2092                 241  , 138  , 2284                 141  , 164  , 2081                 140  , 1.14e+05, 2.225             
148            132  , 76   , 2124                 118  , 118  , 2191                 164  , 118  , 2254                 26   , 162  , 2092                 241  , 138  , 2284                 143  , 170  , 2087                 140  , 1.14e+05, 2.22              
149            132  , 76   , 2124                 118  , 108  , 2254                 164  , 110  , 2224                 26   , 162  , 2092                 241  , 138  , 2284                 143  , 164  , 2092                 140  , 1.14e+05, 2.231             
150            132  , 76   , 2124                 118  , 126  , 2177                 164  , 116  , 2247                 26   , 162  , 2092                 241  , 138  , 2284                 143  , 162  , 2087                 140  , 1.14e+05, 2.189             
151            132  , 76   , 2124                 120  , 114  , 2198                 168  , 104  , 2291                 26   , 162  , 2092                 241  , 138  , 2284                 146  , 162  , 2114                 140  , 1.14e+05, 2.24              
152            132  , 76   , 2124                 120  , 116  , 2204                 164  , 112  , 2224                 26   , 162  , 2092                 241  , 138  , 2284                 145  , 166  , 2061                 143  , 1.14e+05, 2.207             
153            132  , 76   , 2124                 118  , 110  , 2232                 164  , 110  , 2268                 35   , 158  , 2169                 241  , 138  , 2284                 146  , 164  , 2124                 143  , 1.14e+05, 2.211             
154            132  , 76   , 2124                 120  , 108  , 2177                 166  , 108  , 2254                 35   , 158  , 2169                 241  , 138  , 2284                 146  , 164  , 2124                 143  , 1.14e+05, 2.209             
155            132  , 76   , 2124                 118  , 114  , 2116                 166  , 112  , 2254                 35   , 158  , 2169                 189  , 112  , 2547                 143  , 166  , 2057                 143  , 1.14e+05, 2.194             
156            132  , 76   , 2124                 120  , 112  , 2297                 166  , 110  , 2239                 35   , 158  , 2169                 247  , 138  , 2336                 146  , 164  , 2124                 143  , 1.14e+05, 2.206             
157            132  , 76   , 2124                 118  , 118  , 2198                 168  , 118  , 2284                 35   , 158  , 2169                 247  , 138  , 2336                 146  , 168  , 2104                 143  , 1.14e+05, 2.218             
158            132  , 76   , 2124                 120  , 108  , 2260                 168  , 114  , 2239                 35   , 158  , 2169                 247  , 138  , 2336                 146  , 162  , 2152                 143  , 1.14e+05, 2.183             
159            132  , 76   , 2124                 120  , 110  , 2291                 168  , 112  , 2268                 35   , 158  , 2169                 247  , 138  , 2336                 146  , 164  , 2136                 143  , 1.14e+05, 2.213             
160            132  , 76   , 2124                 120  , 110  , 2198                 170  , 108  , 2276                 35   , 158  , 2169                 247  , 138  , 2336                 146  , 164  , 2112                 143  , 1.14e+05, 2.215             
161            132  , 76   , 2124                 122  , 110  , 2232                 166  , 110  , 2260                 35   , 158  , 2169                 247  , 138  , 2336                 146  , 164  , 2114                 143  , 1.14e+05, 2.237             
162            132  , 76   , 2124                 120  , 110  , 2224                 168  , 112  , 2247                 35   , 158  , 2169                 247  , 138  , 2336                 146  , 162  , 2119                 143  , 1.14e+05, 2.217             
163            132  , 76   , 2124                 120  , 110  , 2211                 168  , 110  , 2284                 35   , 158  , 2169                 247  , 138  , 2336                 146  , 162  , 2136                 143  , 1.14e+05, 2.21              
164            132  , 76   , 2124                 122  , 120  , 2254                 170  , 110  , 2268                 35   , 158  , 2169                 251  , 142  , 2133                 148  , 164  , 2107                 143  , 1.14e+05, 2.184             
165            132  , 76   , 2124                 122  , 116  , 2097                 166  , 106  , 2247                 35   , 158  , 2169                 249  , 138  , 2322                 146  , 162  , 2124                 143  , 1.14e+05, 2.225             
166            132  , 76   , 2124                 120  , 114  , 2297                 170  , 112  , 2284                 35   , 158  , 2169                 249  , 138  , 2322                 145  , 164  , 2092                 143  , 1.14e+05, 2.223             
167            132  , 76   , 2124                 122  , 112  , 2177                 168  , 110  , 2284                 35   , 158  , 2169                 249  , 138  , 2322                 147  , 164  , 2092                 143  , 1.14e+05, 2.213             
168            132  , 76   , 2124                 120  , 118  , 2198                 166  , 116  , 2211                 35   , 158  , 2169                 249  , 138  , 2322                 146  , 168  , 2116                 143  , 1.14e+05, 2.227             
169            132  , 76   , 2124                 120  , 114  , 2117                 166  , 112  , 2291                 35   , 158  , 2169                 249  , 138  , 2322                 146  , 164  , 2116                 143  , 1.14e+05, 2.212             
170            132  , 76   , 2124                 120  , 110  , 2247                 168  , 108  , 2239                 35   , 158  , 2169                 249  , 138  , 2322                 146  , 162  , 2136                 143  , 1.14e+05, 2.222             
171            132  , 76   , 2124                 122  , 108  , 2121                 166  , 110  , 2254                 35   , 158  , 2169                 200  , 122  , 2376                 146  , 164  , 2112                 143  , 1.14e+05, 2.238             
172            132  , 76   , 2124                 120  , 110  , 2184                 168  , 110  , 2284                 35   , 158  , 2169                 249  , 142  , 2305                 145  , 164  , 2087                 143  , 1.14e+05, 2.22              
173            132  , 76   , 2124                 120  , 118  , 2143                 168  , 108  , 2247                 35   , 158  , 2169                 249  , 142  , 2305                 147  , 164  , 2099                 143  , 1.14e+05, 2.208             
174            132  , 76   , 2124                 122  , 112  , 2219                 166  , 106  , 2204                 39   , 162  , 2247                 251  , 142  , 2136                 146  , 164  , 2119                 143  , 1.14e+05, 2.218             
175            132  , 76   , 2124                 120  , 110  , 2128                 168  , 108  , 2291                 39   , 162  , 2247                 251  , 142  , 2136                 146  , 162  , 2116                 143  , 1.14e+05, 2.212             
176            132  , 76   , 2124                 120  , 110  , 2219                 170  , 110  , 2268                 39   , 162  , 2247                 251  , 142  , 2136                 146  , 164  , 2106                 143  , 1.14e+05, 2.196             
177            132  , 76   , 2124                 122  , 110  , 2239                 170  , 108  , 2260                 39   , 162  , 2247                 251  , 142  , 2297                 147  , 162  , 2092                 143  , 1.14e+05, 2.231             
178            132  , 76   , 2124                 120  , 108  , 2239                 166  , 108  , 2276                 39   , 162  , 2247                 251  , 142  , 2297                 146  , 164  , 2109                 143  , 1.14e+05, 2.203             
179            132  , 76   , 2124                 120  , 114  , 2291                 166  , 110  , 2276                 39   , 162  , 2247                 251  , 142  , 2297                 146  , 164  , 2106                 143  , 1.14e+05, 2.245             
180            132  , 76   , 2124                 120  , 114  , 2121                 166  , 108  , 2254                 39   , 162  , 2247                 251  , 142  , 2297                 146  , 164  , 2112                 143  , 1.14e+05, 2.182             
181            132  , 76   , 2124                 120  , 114  , 2239                 166  , 108  , 2204                 39   , 162  , 2247                 251  , 142  , 2297                 145  , 164  , 2099                 143  , 1.14e+05, 2.216             
182            132  , 76   , 2124                 120  , 108  , 2191                 168  , 108  , 2268                 39   , 162  , 2247                 251  , 142  , 2297                 145  , 162  , 2087                 143  , 1.14e+05, 2.191             
183            132  , 76   , 2124                 120  , 114  , 2232                 170  , 108  , 2291                 39   , 162  , 2247                 251  , 142  , 2297                 146  , 164  , 2104                 143  , 1.14e+05, 2.191             
184            132  , 76   , 2124                 122  , 124  , 2152                 170  , 110  , 2284                 39   , 162  , 2247                 245  , 126  , 2117                 146  , 164  , 2112                 143  , 1.14e+05, 2.203             
185            132  , 76   , 2124                 122  , 124  , 2109                 170  , 112  , 2268                 39   , 162  , 2247                 245  , 128  , 2297                 148  , 164  , 2124                 143  , 1.14e+05, 2.192             
186            132  , 76   , 2124                 120  , 120  , 2268                 170  , 118  , 2260                 39   , 162  , 2247                 247  , 140  , 2284                 145  , 168  , 2057                 143  , 1.14e+05, 2.215             
187            132  , 76   , 2124                 120  , 108  , 2219                 168  , 108  , 2322                 39   , 162  , 2247                 247  , 140  , 2284                 146  , 164  , 2117                 143  , 1.14e+05, 2.221             
188            132  , 76   , 2124                 120  , 110  , 2117                 168  , 110  , 2247                 39   , 162  , 2247                 247  , 140  , 2284                 145  , 164  , 2099                 143  , 1.14e+05, 2.207             
189            132  , 76   , 2124                 122  , 108  , 2128                 168  , 106  , 2305                 39   , 162  , 2247                 247  , 140  , 2284                 146  , 162  , 2152                 143  , 1.14e+05, 2.223             
190            132  , 76   , 2124                 122  , 108  , 2268                 166  , 108  , 2247                 39   , 162  , 2247                 247  , 140  , 2284                 146  , 164  , 2114                 143  , 1.14e+05, 2.222             
191            0    , 0    , 0                    0    , 0    , 0                    0    , 0    , 0                    0    , 0    , 0                    0    , 0    , 0                    0    , 0    , 0                    0    , 0    , 0                    
192            132  , 76   , 2124                 122  , 108  , 2164                 168  , 108  , 2247                 39   , 162  , 2247                 247  , 140  , 2284                 146  , 164  , 2117                 143  , 1.14e+05, 2.217             
193            132  , 76   , 2124                 120  , 110  , 2164                 168  , 110  , 2260                 39   , 162  , 2247                 247  , 140  , 2284                 146  , 164  , 2131                 143  , 1.14e+05, 2.206             
194            132  , 76   , 2124                 122  , 114  , 2260                 168  , 110  , 2291                 39   , 162  , 2247                 247  , 140  , 2284                 146  , 166  , 2114                 143  , 1.14e+05, 2.209             
195            132  , 76   , 2124                 120  , 110  , 2198                 168  , 110  , 2276                 39   , 162  , 2247                 247  , 140  , 2284                 146  , 164  , 2112                 143  , 1.14e+05, 2.207             
196            132  , 76   , 2124                 122  , 110  , 2117                 168  , 108  , 2268                 39   , 162  , 2247                 247  , 140  , 2284                 145  , 164  , 2099                 143  , 1.14e+05, 2.223             
197            132  , 76   , 2124                 120  , 112  , 2232                 168  , 112  , 2247                 39   , 162  , 2247                 247  , 140  , 2284                 145  , 166  , 2081                 143  , 1.14e+05, 2.21              
198            132  , 76   , 2124                 122  , 112  , 2152                 168  , 106  , 2344                 39   , 162  , 2247                 247  , 136  , 2322                 145  , 164  , 2081                 143  , 1.14e+05, 2.232             
199            132  , 76   , 2124                 122  , 126  , 2164                 164  , 110  , 2239                 39   , 162  , 2247                 247  , 136  , 2322                 146  , 164  , 2112                 143  , 1.14e+05, 2.24              
200            132  , 76   , 2124                 122  , 112  , 2232                 168  , 108  , 2297                 39   , 162  , 2247                 247  , 136  , 2322                 146  , 162  , 2116                 143  , 1.14e+05, 2.192             
201            132  , 76   , 2124                 120  , 112  , 2109                 164  , 112  , 2260                 39   , 162  , 2247                 247  , 136  , 2322                 146  , 166  , 2112                 143  , 1.14e+05, 2.238             
202            132  , 76   , 2124                 120  , 110  , 2124                 168  , 110  , 2291                 39   , 162  , 2247                 253  , 128  , 2141                 145  , 164  , 2068                 143  , 1.14e+05, 2.219             
203            132  , 76   , 2124                 122  , 108  , 2291                 168  , 106  , 2276                 39   , 162  , 2247                 248  , 138  , 2344                 147  , 162  , 2099                 143  , 1.14e+05, 2.256             
204            132  , 76   , 2124                 120  , 110  , 2239                 168  , 110  , 2313                 39   , 162  , 2247                 248  , 138  , 2344                 146  , 164  , 2131                 143  , 1.14e+05, 2.2               
205            132  , 76   , 2124                 120  , 108  , 2204                 166  , 108  , 2254                 39   , 162  , 2247                 248  , 138  , 2344                 146  , 162  , 2131                 143  , 1.14e+05, 2.229             
206            132  , 76   , 2124                 122  , 108  , 2129                 166  , 112  , 2232                 39   , 162  , 2247                 248  , 138  , 2344                 146  , 164  , 2117                 143  , 1.14e+05, 2.202             
207            132  , 76   , 2124                 120  , 118  , 2247                 168  , 110  , 2291                 39   , 162  , 2247                 248  , 138  , 2344                 146  , 164  , 2106                 143  , 1.14e+05, 2.218             
208            132  , 76   , 2124                 122  , 110  , 2219                 170  , 106  , 2305                 39   , 162  , 2247                 252  , 142  , 2057                 146  , 164  , 2106                 143  , 1.14e+05, 2.237             
209            132  , 76   , 2124                 120  , 118  , 2204                 166  , 110  , 2247                 39   , 162  , 2247                 196  , 118  , 2384                 144  , 164  , 2124                 143  , 1.14e+05, 2.223             
210            132  , 76   , 2124                 122  , 118  , 2254                 168  , 108  , 2260                 39   , 162  , 2247                 249  , 138  , 2336                 148  , 164  , 2119                 143  , 1.14e+05, 2.196             
211            132  , 76   , 2124                 120  , 112  , 2291                 165  , 108  , 2126                 39   , 162  , 2247                 249  , 138  , 2336                 146  , 164  , 2106                 143  , 1.14e+05, 2.245             
212            132  , 76   , 2124                 120  , 118  , 2169                 170  , 112  , 2313                 39   , 162  , 2247                 249  , 138  , 2336                 145  , 166  , 2092                 143  , 1.14e+05, 2.21              
213            132  , 76   , 2124                 118  , 110  , 2268                 170  , 104  , 2291                 39   , 162  , 2247                 249  , 138  , 2336                 146  , 164  , 2112                 143  , 1.14e+05, 2.212             
214            0    , 0    , 0                    0    , 0    , 0                    0    , 0    , 0                    0    , 0    , 0                    0    , 0    , 0                    0    , 0    , 0                    0    , 0    , 0                    
215            132  , 76   , 2124                 120  , 124  , 2232                 168  , 112  , 2254                 39   , 162  , 2247                 251  , 142  , 2145                 145  , 164  , 2061                 143  , 1.14e+05, 2.227             
216            132  , 76   , 2124                 120  , 112  , 2184                 166  , 108  , 2291                 39   , 162  , 2247                 249  , 136  , 2305                 145  , 162  , 2081                 143  , 1.14e+05, 2.205             
217            132  , 76   , 2124                 120  , 116  , 2114                 168  , 110  , 2254                 39   , 162  , 2247                 249  , 136  , 2305                 146  , 164  , 2111                 143  , 1.14e+05, 2.224             
218            132  , 76   , 2124                 120  , 108  , 2164                 168  , 110  , 2184                 39   , 162  , 2247                 249  , 136  , 2305                 146  , 162  , 2106                 143  , 1.14e+05, 2.208             
219            132  , 76   , 2124                 120  , 110  , 2247                 170  , 108  , 2353                 39   , 162  , 2247                 249  , 136  , 2305                 146  , 164  , 2117                 143  , 1.14e+05, 2.186             
220            132  , 76   , 2124                 120  , 110  , 2247                 168  , 112  , 2284                 39   , 162  , 2247                 235  , 134  , 2157                 145  , 164  , 2074                 143  , 1.14e+05, 2.2               
221            132  , 76   , 2124                 120  , 110  , 2239                 166  , 116  , 2204                 39   , 162  , 2247                 243  , 128  , 2284                 145  , 164  , 2099                 143  , 1.14e+05, 2.205             
222            132  , 76   , 2124                 122  , 108  , 2224                 168  , 106  , 2313                 39   , 162  , 2247                 249  , 140  , 2291                 146  , 162  , 2143                 143  , 1.14e+05, 2.22              
223            132  , 76   , 2124                 121  , 110  , 2313                 166  , 106  , 2260                 39   , 162  , 2247                 249  , 140  , 2291                 146  , 162  , 2143                 143  , 1.14e+05, 2.197             
224            132  , 76   , 2124                 122  , 110  , 2121                 168  , 110  , 2297                 39   , 162  , 2247                 249  , 140  , 2291                 146  , 164  , 2131                 143  , 1.14e+05, 2.229             
225            132  , 76   , 2124                 120  , 110  , 2128                 166  , 110  , 2276                 39   , 162  , 2247                 206  , 124  , 2297                 146  , 164  , 2112                 143  , 1.14e+05, 2.25              
226            132  , 76   , 2124                 122  , 116  , 2107                 166  , 112  , 2224                 39   , 162  , 2247                 247  , 138  , 2305                 146  , 164  , 2106                 143  , 1.14e+05, 2.217             
227            132  , 76   , 2124                 120  , 110  , 2305                 166  , 110  , 2291                 39   , 162  , 2247                 247  , 138  , 2305                 146  , 164  , 2106                 143  , 1.14e+05, 2.238             
228            132  , 76   , 2124                 118  , 108  , 2260                 166  , 110  , 2247                 39   , 162  , 2247                 247  , 138  , 2305                 146  , 162  , 2112                 143  , 1.14e+05, 2.244             
229            132  , 76   , 2124                 118  , 110  , 2224                 166  , 110  , 2276                 39   , 162  , 2247                 233  , 134  , 2068                 146  , 164  , 2131                 143  , 1.14e+05, 2.265             
230            132  , 76   , 2124                 119  , 110  , 2305                 170  , 110  , 2291                 39   , 162  , 2247                 249  , 142  , 2330                 145  , 162  , 2068                 143  , 1.14e+05, 2.216             
231            0    , 0    , 0                    0    , 0    , 0                    0    , 0    , 0                    0    , 0    , 0                    0    , 0    , 0                    0    , 0    , 0                    0    , 0    , 0                    
232            132  , 76   , 2124                 130  , 108  , 2219                 178  , 108  , 2254                 52   , 166  , 2148                 259  , 142  , 2136                 155  , 162  , 2092                 143  , 1.14e+05, 2.19              
233            161  , 72   , 2099                 140  , 110  , 2224                 183  , 110  , 2184                 52   , 166  , 2148                 257  , 136  , 2305                 165  , 154  , 2124                 143  , 1.14e+05, 2.237             
234            183  , 76   , 2184                 160  , 108  , 2177                 201  , 106  , 2198                 84   , 166  , 2138                 259  , 126  , 2361                 185  , 162  , 2106                 160  , 1.14e+05, 2.298             
235            0    , 0    , 0                    0    , 0    , 0                    0    , 0    , 0                    0    , 0    , 0                    0    , 0    , 0                    0    , 0    , 0                    0    , 0    , 0                    
236            251  , 61   , 2117                 223  , 92   , 2191                 263  , 92   , 2313                 206  , 174  , 1936                 298  , 195  , 2053                 247  , 154  , 2232                 206  , 1.21e+05, 2.17              
237            0    , 0    , 0                    0    , 0    , 0                    0    , 0    , 0                    0    , 0    , 0                    0    , 0    , 0                    0    , 0    , 0                    0    , 0    , 0                    
238            0    , 0    , 0                    0    , 0    , 0                    0    , 0    , 0                    0    , 0    , 0                    0    , 0    , 0                    0    , 0    , 0                    0    , 0    , 0                    
239            0    , 0    , 0                    0    , 0    , 0                    0    , 0    , 0                    0    , 0    , 0                    0    , 0    , 0                    0    , 0    , 0                    0    , 0    , 0                    
240            0    , 0    , 0                    0    , 0    , 0                    0    , 0    , 0                    0    , 0    , 0                    0    , 0    , 0                    0    , 0    , 0                    0    , 0    , 0                    
241            0    , 0    , 0                    0    , 0    , 0                    0    , 0    , 0                    0    , 0    , 0                    0    , 0    , 0                    0    , 0    , 0                    0    , 0    , 0                    
242            0    , 0    , 0                    0    , 0    , 0                    0    , 0    , 0                    0    , 0    , 0                    0    , 0    , 0                    0    , 0    , 0                    0    , 0    , 0                    
243            0    , 0    , 0                    0    , 0    , 0                    0    , 0    , 0                    0    , 0    , 0                    0    , 0    , 0                    0    , 0    , 0                    0    , 0    , 0                    
244            0    , 0    , 0                    0    , 0    , 0                    0    , 0    , 0                    0    , 0    , 0                    0    , 0    , 0                    0    , 0    , 0                    0    , 0    , 0                    
245            0    , 0    , 0                    0    , 0    , 0                    0    , 0    , 0                    0    , 0    , 0                    0    , 0    , 0                    0    , 0    , 0                    0    , 0    , 0                    
246            0    , 0    , 0                    0    , 0    , 0                    0    , 0    , 0                    0    , 0    , 0                    0    , 0    , 0                    0    , 0    , 0                    0    , 0    , 0                    
247            0    , 0    , 0                    0    , 0    , 0                    0    , 0    , 0                    0    , 0    , 0                    0    , 0    , 0                    0    , 0    , 0                    0    , 0    , 0                    
248            0    , 0    , 0                    0    , 0    , 0                    0    , 0    , 0                    0    , 0    , 0                    0    , 0    , 0                    0    , 0    , 0                    0    , 0    , 0                    
249            0    , 0    , 0                    0    , 0    , 0                    0    , 0    , 0                    0    , 0    , 0                    0    , 0    , 0                    0    , 0    , 0                    0    , 0    , 0                    
250            0    , 0    , 0                    0    , 0    , 0                    0    , 0    , 0                    0    , 0    , 0                    0    , 0    , 0                    0    , 0    , 0                    0    , 0    , 0                    
251            0    , 0    , 0                    0    , 0    , 0                    0    , 0    , 0                    0    , 0    , 0                    0    , 0    , 0                    0    , 0    , 0                    0    , 0    , 0                    
252            0    , 0    , 0                    0    , 0    , 0                    0    , 0    , 0                    0    , 0    , 0                    0    , 0    , 0                    0    , 0    , 0                    0    , 0    , 0                    
253            0    , 0    , 0                    0    , 0    , 0                    0    , 0    , 0                    0    , 0    , 0                    0    , 0    , 0                    0    , 0    , 0                    0    , 0    , 0                    
254            0    , 0    , 0                    0    , 0    , 0                    0    , 0    , 0                    0    , 0    , 0                    0    , 0    , 0                    0    , 0    , 0                    0    , 0    , 0                    
255            0    , 0    , 0                    0    , 0    , 0                    0    , 0    , 0                    0    , 0    , 0                    0    , 0    , 0                    0    , 0    , 0                    0    , 0    , 0                    
256            0    , 0    , 0                    0    , 0    , 0                    0    , 0    , 0                    0    , 0    , 0                    0    , 0    , 0                    0    , 0    , 0                    0    , 0    , 0                    
257            0    , 0    , 0                    0    , 0    , 0                    0    , 0    , 0                    0    , 0    , 0                    0    , 0    , 0                    0    , 0    , 0                    0    , 0    , 0                    
258            0    , 0    , 0                    0    , 0    , 0                    0    , 0    , 0                    0    , 0    , 0                    0    , 0    , 0                    0    , 0    , 0                    0    , 0    , 0                    
259            0    , 0    , 0                    0    , 0    , 0                    0    , 0    , 0                    0    , 0    , 0                    0    , 0    , 0                    0    , 0    , 0                    0    , 0    , 0                    
260            0    , 0    , 0                    0    , 0    , 0                    0    , 0    , 0                    0    , 0    , 0                    0    , 0    , 0                    0    , 0    , 0                    0    , 0    , 0                    
261            0    , 0    , 0                    0    , 0    , 0                    0    , 0    , 0                    0    , 0    , 0                    0    , 0    , 0                    0    , 0    , 0                    0    , 0    , 0                    
262            0    , 0    , 0                    0    , 0    , 0                    0    , 0    , 0                    0    , 0    , 0                    0    , 0    , 0                    0    , 0    , 0                    0    , 0    , 0                    
263            0    , 0    , 0                    0    , 0    , 0                    0    , 0    , 0                    0    , 0    , 0                    0    , 0    , 0                    0    , 0    , 0                    0    , 0    , 0                    
264            0    , 0    , 0                    0    , 0    , 0                    0    , 0    , 0                    0    , 0    , 0                    0    , 0    , 0                    0    , 0    , 0                    0    , 0    , 0                    
265            0    , 0    , 0                    0    , 0    , 0                    0    , 0    , 0                    0    , 0    , 0                    0    , 0    , 0                    0    , 0    , 0                    0    , 0    , 0                    
266            0    , 0    , 0                    0    , 0    , 0                    0    , 0    , 0                    0    , 0    , 0                    0    , 0    , 0                    0    , 0    , 0                    0    , 0    , 0                    
267            0    , 0    , 0                    0    , 0    , 0                    0    , 0    , 0                    0    , 0    , 0                    0    , 0    , 0                    0    , 0    , 0                    0    , 0    , 0                    
268            0    , 0    , 0                    0    , 0    , 0                    0    , 0    , 0                    0    , 0    , 0                    0    , 0    , 0                    0    , 0    , 0                    0    , 0    , 0                    
269            0    , 0    , 0                    0    , 0    , 0                    0    , 0    , 0                    0    , 0    , 0                    0    , 0    , 0                    0    , 0    , 0                    0    , 0    , 0                    
270            0    , 0    , 0                    0    , 0    , 0                    0    , 0    , 0                    0    , 0    , 0                    0    , 0    , 0                    0    , 0    , 0                    0    , 0    , 0                    
271            0    , 0    , 0                    0    , 0    , 0                    0    , 0    , 0                    0    , 0    , 0                    0    , 0    , 0                    0    , 0    , 0                    0    , 0    , 0                    
272            0    , 0    , 0                    0    , 0    , 0                    0    , 0    , 0                    0    , 0    , 0                    0    , 0    , 0                    0    , 0    , 0                    0    , 0    , 0                    
273            0    , 0    , 0                    0    , 0    , 0                    0    , 0    , 0                    0    , 0    , 0                    0    , 0    , 0                    0    , 0    , 0                    0    , 0    , 0                    
274            0    , 0    , 0                    0    , 0    , 0                    0    , 0    , 0                    0    , 0    , 0                    0    , 0    , 0                    0    , 0    , 0                    0    , 0    , 0                    
275            0    , 0    , 0                    0    , 0    , 0                    0    , 0    , 0                    0    , 0    , 0                    0    , 0    , 0                    0    , 0    , 0                    0    , 0    , 0                    
276            0    , 0    , 0                    0    , 0    , 0                    0    , 0    , 0                    0    , 0    , 0                    0    , 0    , 0                    0    , 0    , 0                    0    , 0    , 0                    
277            0    , 0    , 0                    0    , 0    , 0                    0    , 0    , 0                    0    , 0    , 0                    0    , 0    , 0                    0    , 0    , 0                    0    , 0    , 0                    
278            0    , 0    , 0                    0    , 0    , 0                    0    , 0    , 0                    0    , 0    , 0                    0    , 0    , 0                    0    , 0    , 0                    0    , 0    , 0                    
279            0    , 0    , 0                    0    , 0    , 0                    0    , 0    , 0                    0    , 0    , 0                    0    , 0    , 0                    0    , 0    , 0                    0    , 0    , 0                    
280            0    , 0    , 0                    0    , 0    , 0                    0    , 0    , 0                    0    , 0    , 0                    0    , 0    , 0                    0    , 0    , 0                    0    , 0    , 0                    
281            0    , 0    , 0                    0    , 0    , 0                    0    , 0    , 0                    0    , 0    , 0                    0    , 0    , 0                    0    , 0    , 0                    0    , 0    , 0                    
282            0    , 0    , 0                    0    , 0    , 0                    0    , 0    , 0                    0    , 0    , 0                    0    , 0    , 0                    0    , 0    , 0                    0    , 0    , 0                    
283            0    , 0    , 0                    0    , 0    , 0                    0    , 0    , 0                    0    , 0    , 0                    0    , 0    , 0                    0    , 0    , 0                    0    , 0    , 0                    
284            0    , 0    , 0                    0    , 0    , 0                    0    , 0    , 0                    0    , 0    , 0                    0    , 0    , 0                    0    , 0    , 0                    0    , 0    , 0                    
285            0    , 0    , 0                    0    , 0    , 0                    0    , 0    , 0                    0    , 0    , 0                    0    , 0    , 0                    0    , 0    , 0                    0    , 0    , 0                    
286            0    , 0    , 0                    0    , 0    , 0                    0    , 0    , 0                    0    , 0    , 0                    0    , 0    , 0                    0    , 0    , 0                    0    , 0    , 0                    
287            0    , 0    , 0                    0    , 0    , 0                    0    , 0    , 0                    0    , 0    , 0                    0    , 0    , 0                    0    , 0    , 0                    0    , 0    , 0                    
288            0    , 0    , 0                    0    , 0    , 0                    0    , 0    , 0                    0    , 0    , 0                    0    , 0    , 0                    0    , 0    , 0                    0    , 0    , 0                    
289            0    , 0    , 0                    0    , 0    , 0                    0    , 0    , 0                    0    , 0    , 0                    0    , 0    , 0                    0    , 0    , 0                    0    , 0    , 0                    
290            0    , 0    , 0                    0    , 0    , 0                    0    , 0    , 0                    0    , 0    , 0                    0    , 0    , 0                    0    , 0    , 0                    0    , 0    , 0                    
291            0    , 0    , 0                    0    , 0    , 0                    0    , 0    , 0                    0    , 0    , 0                    0    , 0    , 0                    0    , 0    , 0                    0    , 0    , 0                    
292            0    , 0    , 0                    0    , 0    , 0                    0    , 0    , 0                    0    , 0    , 0                    0    , 0    , 0                    0    , 0    , 0                    0    , 0    , 0                    
293            0    , 0    , 0                    0    , 0    , 0                    0    , 0    , 0                    0    , 0    , 0                    0    , 0    , 0                    0    , 0    , 0                    0    , 0    , 0                    
294            0    , 0    , 0                    0    , 0    , 0                    0    , 0    , 0                    0    , 0    , 0                    0    , 0    , 0                    0    , 0    , 0                    0    , 0    , 0                    
295            0    , 0    , 0                    0    , 0    , 0                    0    , 0    , 0                    0    , 0    , 0                    0    , 0    , 0                    0    , 0    , 0                    0    , 0    , 0                    
296            0    , 0    , 0                    0    , 0    , 0                    0    , 0    , 0                    0    , 0    , 0                    0    , 0    , 0                    0    , 0    , 0                    0    , 0    , 0                    
297            0    , 0    , 0                    0    , 0    , 0                    0    , 0    , 0                    0    , 0    , 0                    0    , 0    , 0                    0    , 0    , 0                    0    , 0    , 0                    
298            0    , 0    , 0                    0    , 0    , 0                    0    , 0    , 0                    0    , 0    , 0                    0    , 0    , 0                    0    , 0    , 0                    0    , 0    , 0                    
299            0    , 0    , 0                    0    , 0    , 0                    0    , 0    , 0                    0    , 0    , 0                    0    , 0    , 0                    0    , 0    , 0                    0    , 0    , 0                    
300            0    , 0    , 0                    0    , 0    , 0                    0    , 0    , 0                    0    , 0    , 0                    0    , 0    , 0                    0    , 0    , 0                    0    , 0    , 0                    
301            0    , 0    , 0                    0    , 0    , 0                    0    , 0    , 0                    0    , 0    , 0                    0    , 0    , 0                    0    , 0    , 0                    0    , 0    , 0                    
302            0    , 0    , 0                    0    , 0    , 0                    0    , 0    , 0                    0    , 0    , 0                    0    , 0    , 0                    0    , 0    , 0                    0    , 0    , 0                    
303            0    , 0    , 0                    0    , 0    , 0                    0    , 0    , 0                    0    , 0    , 0                    0    , 0    , 0                    0    , 0    , 0                    0    , 0    , 0                    
304            0    , 0    , 0                    0    , 0    , 0                    0    , 0    , 0                    0    , 0    , 0                    0    , 0    , 0                    0    , 0    , 0                    0    , 0    , 0                    
305            0    , 0    , 0                    0    , 0    , 0                    0    , 0    , 0                    0    , 0    , 0                    0    , 0    , 0                    0    , 0    , 0                    0    , 0    , 0                    
306            0    , 0    , 0                    0    , 0    , 0                    0    , 0    , 0                    0    , 0    , 0                    0    , 0    , 0                    0    , 0    , 0                    0    , 0    , 0                    
307            0    , 0    , 0                    0    , 0    , 0                    0    , 0    , 0                    0    , 0    , 0                    0    , 0    , 0                    0    , 0    , 0                    0    , 0    , 0                    
308            0    , 0    , 0                    0    , 0    , 0                    0    , 0    , 0                    0    , 0    , 0                    0    , 0    , 0                    0    , 0    , 0                    0    , 0    , 0                    
309            0    , 0    , 0                    0    , 0    , 0                    0    , 0    , 0                    0    , 0    , 0                    0    , 0    , 0                    0    , 0    , 0                    0    , 0    , 0                    
310            0    , 0    , 0                    0    , 0    , 0                    0    , 0    , 0                    0    , 0    , 0                    0    , 0    , 0                    0    , 0    , 0                    0    , 0    , 0                    
311            0    , 0    , 0                    0    , 0    , 0                    0    , 0    , 0                    0    , 0    , 0                    0    , 0    , 0                    0    , 0    , 0                    0    , 0    , 0                    
312            0    , 0    , 0                    0    , 0    , 0                    0    , 0    , 0                    0    , 0    , 0                    0    , 0    , 0                    0    , 0    , 0                    0    , 0    , 0                    
313            0    , 0    , 0                    0    , 0    , 0                    0    , 0    , 0                    0    , 0    , 0                    0    , 0    , 0                    0    , 0    , 0                    0    , 0    , 0                    
314            0    , 0    , 0                    0    , 0    , 0                    0    , 0    , 0                    0    , 0    , 0                    0    , 0    , 0                    0    , 0    , 0                    0    , 0    , 0                    
315            0    , 0    , 0                    0    , 0    , 0                    0    , 0    , 0                    0    , 0    , 0                    0    , 0    , 0                    0    , 0    , 0                    0    , 0    , 0                    
316            0    , 0    , 0                    0    , 0    , 0                    0    , 0    , 0                    0    , 0    , 0                    0    , 0    , 0                    0    , 0    , 0                    0    , 0    , 0                    
317            0    , 0    , 0                    0    , 0    , 0                    0    , 0    , 0                    0    , 0    , 0                    0    , 0    , 0                    0    , 0    , 0                    0    , 0    , 0                    
318            0    , 0    , 0                    0    , 0    , 0                    0    , 0    , 0                    0    , 0    , 0                    0    , 0    , 0                    0    , 0    , 0                    0    , 0    , 0                    
319            0    , 0    , 0                    0    , 0    , 0                    0    , 0    , 0                    0    , 0    , 0                    0    , 0    , 0                    0    , 0    , 0                    0    , 0    , 0                    
320            0    , 0    , 0                    0    , 0    , 0                    0    , 0    , 0                    0    , 0    , 0                    0    , 0    , 0                    0    , 0    , 0                    0    , 0    , 0                    
321            0    , 0    , 0                    0    , 0    , 0                    0    , 0    , 0                    0    , 0    , 0                    0    , 0    , 0                    0    , 0    , 0                    0    , 0    , 0                    
322            0    , 0    , 0                    0    , 0    , 0                    0    , 0    , 0                    0    , 0    , 0                    0    , 0    , 0                    0    , 0    , 0                    0    , 0    , 0                    
323            0    , 0    , 0                    0    , 0    , 0                    0    , 0    , 0                    0    , 0    , 0                    0    , 0    , 0                    0    , 0    , 0                    0    , 0    , 0                    
324            0    , 0    , 0                    0    , 0    , 0                    0    , 0    , 0                    0    , 0    , 0                    0    , 0    , 0                    0    , 0    , 0                    0    , 0    , 0                    
325            0    , 0    , 0                    0    , 0    , 0                    0    , 0    , 0                    0    , 0    , 0                    0    , 0    , 0                    0    , 0    , 0                    0    , 0    , 0                    
326            0    , 0    , 0                    0    , 0    , 0                    0    , 0    , 0                    0    , 0    , 0                    0    , 0    , 0                    0    , 0    , 0                    0    , 0    , 0                    
327            0    , 0    , 0                    0    , 0    , 0                    0    , 0    , 0                    0    , 0    , 0                    0    , 0    , 0                    0    , 0    , 0                    0    , 0    , 0                    
328            0    , 0    , 0                    0    , 0    , 0                    0    , 0    , 0                    0    , 0    , 0                    0    , 0    , 0                    0    , 0    , 0                    0    , 0    , 0                    
329            0    , 0    , 0                    0    , 0    , 0                    0    , 0    , 0                    0    , 0    , 0                    0    , 0    , 0                    0    , 0    , 0                    0    , 0    , 0                    
330            0    , 0    , 0                    0    , 0    , 0                    0    , 0    , 0                    0    , 0    , 0                    0    , 0    , 0                    0    , 0    , 0                    0    , 0    , 0                    
331            0    , 0    , 0                    0    , 0    , 0                    0    , 0    , 0                    0    , 0    , 0                    0    , 0    , 0                    0    , 0    , 0                    0    , 0    , 0                    
332            0    , 0    , 0                    0    , 0    , 0                    0    , 0    , 0                    0    , 0    , 0                    0    , 0    , 0                    0    , 0    , 0                    0    , 0    , 0                    
333            0    , 0    , 0                    0    , 0    , 0                    0    , 0    , 0                    0    , 0    , 0                    0    , 0    , 0                    0    , 0    , 0                    0    , 0    , 0                    
334            0    , 0    , 0                    0    , 0    , 0                    0    , 0    , 0                    0    , 0    , 0                    0    , 0    , 0                    0    , 0    , 0                    0    , 0    , 0                    
335            0    , 0    , 0                    0    , 0    , 0                    0    , 0    , 0                    0    , 0    , 0                    0    , 0    , 0                    0    , 0    , 0                    0    , 0    , 0                    
336            0    , 0    , 0                    0    , 0    , 0                    0    , 0    , 0                    0    , 0    , 0                    0    , 0    , 0                    0    , 0    , 0                    0    , 0    , 0                    
337            0    , 0    , 0                    0    , 0    , 0                    0    , 0    , 0                    0    , 0    , 0                    0    , 0    , 0                    0    , 0    , 0                    0    , 0    , 0                    
338            0    , 0    , 0                    0    , 0    , 0                    0    , 0    , 0                    0    , 0    , 0                    0    , 0    , 0                    0    , 0    , 0                    0    , 0    , 0                    
339            0    , 0    , 0                    0    , 0    , 0                    0    , 0    , 0                    0    , 0    , 0                    0    , 0    , 0                    0    , 0    , 0                    0    , 0    , 0                    
340            0    , 0    , 0                    0    , 0    , 0                    0    , 0    , 0                    0    , 0    , 0                    0    , 0    , 0                    0    , 0    , 0                    0    , 0    , 0                    
341            0    , 0    , 0                    0    , 0    , 0                    0    , 0    , 0                    0    , 0    , 0                    0    , 0    , 0                    0    , 0    , 0                    0    , 0    , 0                    
342            0    , 0    , 0                    0    , 0    , 0                    0    , 0    , 0                    0    , 0    , 0                    0    , 0    , 0                    0    , 0    , 0                    0    , 0    , 0                    
343            0    , 0    , 0                    0    , 0    , 0                    0    , 0    , 0                    0    , 0    , 0                    0    , 0    , 0                    0    , 0    , 0                    0    , 0    , 0                    
344            0    , 0    , 0                    0    , 0    , 0                    0    , 0    , 0                    0    , 0    , 0                    0    , 0    , 0                    0    , 0    , 0                    0    , 0    , 0                    
345            0    , 0    , 0                    0    , 0    , 0                    0    , 0    , 0                    0    , 0    , 0                    0    , 0    , 0                    0    , 0    , 0                    0    , 0    , 0                    
346            0    , 0    , 0                    0    , 0    , 0                    0    , 0    , 0                    0    , 0    , 0                    0    , 0    , 0                    0    , 0    , 0                    0    , 0    , 0                    
347            0    , 0    , 0                    0    , 0    , 0                    0    , 0    , 0                    0    , 0    , 0                    0    , 0    , 0                    0    , 0    , 0                    0    , 0    , 0                    
348            0    , 0    , 0                    0    , 0    , 0                    0    , 0    , 0                    0    , 0    , 0                    0    , 0    , 0                    0    , 0    , 0                    0    , 0    , 0                    
349            0    , 0    , 0                    0    , 0    , 0                    0    , 0    , 0                    0    , 0    , 0                    0    , 0    , 0                    0    , 0    , 0                    0    , 0    , 0                    
350            0    , 0    , 0                    0    , 0    , 0                    0    , 0    , 0                    0    , 0    , 0                    0    , 0    , 0                    0    , 0    , 0                    0    , 0    , 0                    
351            0    , 0    , 0                    0    , 0    , 0                    0    , 0    , 0                    0    , 0    , 0                    0    , 0    , 0                    0    , 0    , 0                    0    , 0    , 0                    
352            0    , 0    , 0                    0    , 0    , 0                    0    , 0    , 0                    0    , 0    , 0                    0    , 0    , 0                    0    , 0    , 0                    0    , 0    , 0                    
353            0    , 0    , 0                    0    , 0    , 0                    0    , 0    , 0                    0    , 0    , 0                    0    , 0    , 0                    0    , 0    , 0                    0    , 0    , 0                    
354            0    , 0    , 0                    0    , 0    , 0                    0    , 0    , 0                    0    , 0    , 0                    0    , 0    , 0                    0    , 0    , 0                    0    , 0    , 0                    
355            0    , 0    , 0                    0    , 0    , 0                    0    , 0    , 0                    0    , 0    , 0                    0    , 0    , 0                    0    , 0    , 0                    0    , 0    , 0                    
356            0    , 0    , 0                    0    , 0    , 0                    0    , 0    , 0                    0    , 0    , 0                    0    , 0    , 0                    0    , 0    , 0                    0    , 0    , 0                    
357            0    , 0    , 0                    0    , 0    , 0                    0    , 0    , 0                    0    , 0    , 0                    0    , 0    , 0                    0    , 0    , 0                    0    , 0    , 0                    
358            0    , 0    , 0                    0    , 0    , 0                    0    , 0    , 0                    0    , 0    , 0                    0    , 0    , 0                    0    , 0    , 0                    0    , 0    , 0                    
359            0    , 0    , 0                    0    , 0    , 0                    0    , 0    , 0                    0    , 0    , 0                    0    , 0    , 0                    0    , 0    , 0                    0    , 0    , 0                    
360            0    , 0    , 0                    0    , 0    , 0                    0    , 0    , 0                    0    , 0    , 0                    0    , 0    , 0                    0    , 0    , 0                    0    , 0    , 0                    
361            0    , 0    , 0                    0    , 0    , 0                    0    , 0    , 0                    0    , 0    , 0                    0    , 0    , 0                    0    , 0    , 0                    0    , 0    , 0                    
362            0    , 0    , 0                    0    , 0    , 0                    0    , 0    , 0                    0    , 0    , 0                    0    , 0    , 0                    0    , 0    , 0                    0    , 0    , 0                    
363            0    , 0    , 0                    0    , 0    , 0                    0    , 0    , 0                    0    , 0    , 0                    0    , 0    , 0                    0    , 0    , 0                    0    , 0    , 0                    
364            0    , 0    , 0                    0    , 0    , 0                    0    , 0    , 0                    0    , 0    , 0                    0    , 0    , 0                    0    , 0    , 0                    0    , 0    , 0                    
365            0    , 0    , 0                    0    , 0    , 0                    0    , 0    , 0                    0    , 0    , 0                    0    , 0    , 0                    0    , 0    , 0                    0    , 0    , 0                    
366            0    , 0    , 0                    0    , 0    , 0                    0    , 0    , 0                    0    , 0    , 0                    0    , 0    , 0                    0    , 0    , 0                    0    , 0    , 0                    
367            0    , 0    , 0                    0    , 0    , 0                    0    , 0    , 0                    0    , 0    , 0                    0    , 0    , 0                    0    , 0    , 0                    0    , 0    , 0                    
368            0    , 0    , 0                    0    , 0    , 0                    0    , 0    , 0                    0    , 0    , 0                    0    , 0    , 0                    0    , 0    , 0                    0    , 0    , 0                    
369            0    , 0    , 0                    0    , 0    , 0                    0    , 0    , 0                    0    , 0    , 0                    0    , 0    , 0                    0    , 0    , 0                    0    , 0    , 0                    
370            0    , 0    , 0                    0    , 0    , 0                    0    , 0    , 0                    0    , 0    , 0                    0    , 0    , 0                    0    , 0    , 0                    0    , 0    , 0                    
371            0    , 0    , 0                    0    , 0    , 0                    0    , 0    , 0                    0    , 0    , 0                    0    , 0    , 0                    0    , 0    , 0                    0    , 0    , 0                    
372            0    , 0    , 0                    0    , 0    , 0                    0    , 0    , 0                    0    , 0    , 0                    0    , 0    , 0                    0    , 0    , 0                    0    , 0    , 0                    
373            0    , 0    , 0                    0    , 0    , 0                    0    , 0    , 0                    0    , 0    , 0                    0    , 0    , 0                    0    , 0    , 0                    0    , 0    , 0                    
374            0    , 0    , 0                    0    , 0    , 0                    0    , 0    , 0                    0    , 0    , 0                    0    , 0    , 0                    0    , 0    , 0                    0    , 0    , 0                    
375            0    , 0    , 0                    0    , 0    , 0                    0    , 0    , 0                    0    , 0    , 0                    0    , 0    , 0                    0    , 0    , 0                    0    , 0    , 0                    
