
Beginning leftArm data output...


Unsorted: 397.7 
Sorted:   397.7 
 median: 397.7
Unsorted: 397.7 744.7 
Sorted:   397.7 744.7 
 median: 571.2
Unsorted: 397.7 744.7 377   
Sorted:   377   397.7 744.7 
 median: 397.7
Unsorted: 397.7 744.7 377   371.3 
Sorted:   371.3 377   397.7 744.7 
 median: 387.3
Unsorted: 397.7 744.7 377   371.3 150.7 
Sorted:   150.7 371.3 377   397.7 744.7 
 median: 377
Unsorted: 397.7 744.7 377   371.3 150.7 741   
Sorted:   150.7 371.3 377   397.7 741   744.7 
 median: 387.3
Unsorted: 397.7 744.7 377   371.3 150.7 741   386.9 
Sorted:   150.7 371.3 377   386.9 397.7 741   744.7 
 median: 386.9
Unsorted: 397.7 744.7 377   371.3 150.7 741   386.9 567.9 
Sorted:   150.7 371.3 377   386.9 397.7 567.9 741   744.7 
 median: 392.3
Unsorted: 397.7 744.7 377   371.3 150.7 741   386.9 567.9 391.4 
Sorted:   150.7 371.3 377   386.9 391.4 397.7 567.9 741   744.7 
 median: 391.4
Unsorted: 397.7 744.7 377   371.3 150.7 741   386.9 567.9 391.4 526.6 
Sorted:   150.7 371.3 377   386.9 391.4 397.7 526.6 567.9 741   744.7 
 median: 394.5
Unsorted: 397.7 744.7 377   371.3 150.7 741   386.9 567.9 391.4 526.6 436.9 
Sorted:   150.7 371.3 377   386.9 391.4 397.7 436.9 526.6 567.9 741   744.7 
 median: 397.7
Unsorted: 397.7 744.7 377   371.3 150.7 741   386.9 567.9 391.4 526.6 436.9 750.4 
Sorted:   150.7 371.3 377   386.9 391.4 397.7 436.9 526.6 567.9 741   744.7 750.4 
 median: 417.3
Unsorted: 397.7 744.7 377   371.3 150.7 741   386.9 567.9 391.4 526.6 436.9 750.4 661.7 
Sorted:   150.7 371.3 377   386.9 391.4 397.7 436.9 526.6 567.9 661.7 741   744.7 750.4 
 median: 436.9
Unsorted: 397.7 744.7 377   371.3 150.7 741   386.9 567.9 391.4 526.6 436.9 750.4 661.7 542.6 
Sorted:   150.7 371.3 377   386.9 391.4 397.7 436.9 526.6 542.6 567.9 661.7 741   744.7 750.4 
 median: 481.7
Unsorted: 397.7 744.7 377   371.3 150.7 741   386.9 567.9 391.4 526.6 436.9 750.4 661.7 542.6 
Sorted:   150.7 371.3 377   386.9 391.4 397.7 436.9 526.6 542.6 567.9 661.7 741   744.7 750.4 
 median: 481.7
Unsorted: 397.7 744.7 377   371.3 150.7 741   386.9 567.9 391.4 526.6 436.9 750.4 661.7 542.6 839.7 
Sorted:   150.7 371.3 377   386.9 391.4 397.7 436.9 526.6 542.6 567.9 661.7 741   744.7 750.4 839.7 
 median: 526.6
Unsorted: 397.7 744.7 377   371.3 150.7 741   386.9 567.9 391.4 526.6 436.9 750.4 661.7 542.6 839.7 577.2 
Sorted:   150.7 371.3 377   386.9 391.4 397.7 436.9 526.6 542.6 567.9 577.2 661.7 741   744.7 750.4 839.7 
 median: 534.6
Unsorted: 397.7 744.7 377   371.3 150.7 741   386.9 567.9 391.4 526.6 436.9 750.4 661.7 542.6 839.7 577.2 
Sorted:   150.7 371.3 377   386.9 391.4 397.7 436.9 526.6 542.6 567.9 577.2 661.7 741   744.7 750.4 839.7 
 median: 534.6
Unsorted: 397.7 744.7 377   371.3 150.7 741   386.9 567.9 391.4 526.6 436.9 750.4 661.7 542.6 839.7 577.2 665.5 
Sorted:   150.7 371.3 377   386.9 391.4 397.7 436.9 526.6 542.6 567.9 577.2 661.7 665.5 741   744.7 750.4 839.7 
 median: 542.6
Unsorted: 397.7 744.7 377   371.3 150.7 741   386.9 567.9 391.4 526.6 436.9 750.4 661.7 542.6 839.7 577.2 665.5 679.5 
Sorted:   150.7 371.3 377   386.9 391.4 397.7 436.9 526.6 542.6 567.9 577.2 661.7 665.5 679.5 741   744.7 750.4 839.7 
 median: 555.2
Unsorted: 397.7 744.7 377   371.3 150.7 741   386.9 567.9 391.4 526.6 436.9 750.4 661.7 542.6 839.7 577.2 665.5 679.5 769.1 
Sorted:   150.7 371.3 377   386.9 391.4 397.7 436.9 526.6 542.6 567.9 577.2 661.7 665.5 679.5 741   744.7 750.4 769.1 839.7 
 median: 567.9
Unsorted: 397.7 744.7 377   371.3 150.7 741   386.9 567.9 391.4 526.6 436.9 750.4 661.7 542.6 839.7 577.2 665.5 679.5 769.1 602.2 
Sorted:   150.7 371.3 377   386.9 391.4 397.7 436.9 526.6 542.6 567.9 577.2 602.2 661.7 665.5 679.5 741   744.7 750.4 769.1 839.7 
 median: 572.5
Unsorted: 397.7 744.7 377   371.3 150.7 741   386.9 567.9 391.4 526.6 436.9 750.4 661.7 542.6 839.7 577.2 665.5 679.5 769.1 602.2 
Sorted:   150.7 371.3 377   386.9 391.4 397.7 436.9 526.6 542.6 567.9 577.2 602.2 661.7 665.5 679.5 741   744.7 750.4 769.1 839.7 
 median: 572.5
Unsorted: 397.7 744.7 377   371.3 150.7 741   386.9 567.9 391.4 526.6 436.9 750.4 661.7 542.6 839.7 577.2 665.5 679.5 769.1 602.2 571.5 
Sorted:   150.7 371.3 377   386.9 391.4 397.7 436.9 526.6 542.6 567.9 571.5 577.2 602.2 661.7 665.5 679.5 741   744.7 750.4 769.1 839.7 
 median: 571.5
Unsorted: 397.7 744.7 377   371.3 150.7 741   386.9 567.9 391.4 526.6 436.9 750.4 661.7 542.6 839.7 577.2 665.5 679.5 769.1 602.2 571.5 406.3 
Sorted:   150.7 371.3 377   386.9 391.4 397.7 406.3 436.9 526.6 542.6 567.9 571.5 577.2 602.2 661.7 665.5 679.5 741   744.7 750.4 769.1 839.7 
 median: 569.7
Unsorted: 397.7 744.7 377   371.3 150.7 741   386.9 567.9 391.4 526.6 436.9 750.4 661.7 542.6 839.7 577.2 665.5 679.5 769.1 602.2 571.5 406.3 663.2 
Sorted:   150.7 371.3 377   386.9 391.4 397.7 406.3 436.9 526.6 542.6 567.9 571.5 577.2 602.2 661.7 663.2 665.5 679.5 741   744.7 750.4 769.1 839.7 
 median: 571.5
Unsorted: 397.7 744.7 377   371.3 150.7 741   386.9 567.9 391.4 526.6 436.9 750.4 661.7 542.6 839.7 577.2 665.5 679.5 769.1 602.2 571.5 406.3 663.2 256   
Sorted:   150.7 256   371.3 377   386.9 391.4 397.7 406.3 436.9 526.6 542.6 567.9 571.5 577.2 602.2 661.7 663.2 665.5 679.5 741   744.7 750.4 769.1 839.7 
 median: 569.7
Unsorted: 397.7 744.7 377   371.3 150.7 741   386.9 567.9 391.4 526.6 436.9 750.4 661.7 542.6 839.7 577.2 665.5 679.5 769.1 602.2 571.5 406.3 663.2 256   
Sorted:   150.7 256   371.3 377   386.9 391.4 397.7 406.3 436.9 526.6 542.6 567.9 571.5 577.2 602.2 661.7 663.2 665.5 679.5 741   744.7 750.4 769.1 839.7 
 median: 569.7
Unsorted: 397.7 744.7 377   371.3 150.7 741   386.9 567.9 391.4 526.6 436.9 750.4 661.7 542.6 839.7 577.2 665.5 679.5 769.1 602.2 571.5 406.3 663.2 256   353.4 
Sorted:   150.7 256   353.4 371.3 377   386.9 391.4 397.7 406.3 436.9 526.6 542.6 567.9 571.5 577.2 602.2 661.7 663.2 665.5 679.5 741   744.7 750.4 769.1 839.7 
 median: 567.9
Unsorted: 397.7 744.7 377   371.3 150.7 741   386.9 567.9 391.4 526.6 436.9 750.4 661.7 542.6 839.7 577.2 665.5 679.5 769.1 602.2 571.5 406.3 663.2 256   353.4 348.6 
Sorted:   150.7 256   348.6 353.4 371.3 377   386.9 391.4 397.7 406.3 436.9 526.6 542.6 567.9 571.5 577.2 602.2 661.7 663.2 665.5 679.5 741   744.7 750.4 769.1 839.7 
 median: 555.2
Unsorted: 397.7 744.7 377   371.3 150.7 741   386.9 567.9 391.4 526.6 436.9 750.4 661.7 542.6 839.7 577.2 665.5 679.5 769.1 602.2 571.5 406.3 663.2 256   353.4 348.6 
Sorted:   150.7 256   348.6 353.4 371.3 377   386.9 391.4 397.7 406.3 436.9 526.6 542.6 567.9 571.5 577.2 602.2 661.7 663.2 665.5 679.5 741   744.7 750.4 769.1 839.7 
 median: 555.2
Unsorted: 397.7 744.7 377   371.3 150.7 741   386.9 567.9 391.4 526.6 436.9 750.4 661.7 542.6 839.7 577.2 665.5 679.5 769.1 602.2 571.5 406.3 663.2 256   353.4 348.6 
Sorted:   150.7 256   348.6 353.4 371.3 377   386.9 391.4 397.7 406.3 436.9 526.6 542.6 567.9 571.5 577.2 602.2 661.7 663.2 665.5 679.5 741   744.7 750.4 769.1 839.7 
 median: 555.2
Unsorted: 397.7 744.7 377   371.3 150.7 741   386.9 567.9 391.4 526.6 436.9 750.4 661.7 542.6 839.7 577.2 665.5 679.5 769.1 602.2 571.5 406.3 663.2 256   353.4 348.6 
Sorted:   150.7 256   348.6 353.4 371.3 377   386.9 391.4 397.7 406.3 436.9 526.6 542.6 567.9 571.5 577.2 602.2 661.7 663.2 665.5 679.5 741   744.7 750.4 769.1 839.7 
 median: 555.2
Unsorted: 397.7 744.7 377   371.3 150.7 741   386.9 567.9 391.4 526.6 436.9 750.4 661.7 542.6 839.7 577.2 665.5 679.5 769.1 602.2 571.5 406.3 663.2 256   353.4 348.6 682.7 
Sorted:   150.7 256   348.6 353.4 371.3 377   386.9 391.4 397.7 406.3 436.9 526.6 542.6 567.9 571.5 577.2 602.2 661.7 663.2 665.5 679.5 682.7 741   744.7 750.4 769.1 839.7 
 median: 567.9
Unsorted: 397.7 744.7 377   371.3 150.7 741   386.9 567.9 391.4 526.6 436.9 750.4 661.7 542.6 839.7 577.2 665.5 679.5 769.1 602.2 571.5 406.3 663.2 256   353.4 348.6 682.7 
Sorted:   150.7 256   348.6 353.4 371.3 377   386.9 391.4 397.7 406.3 436.9 526.6 542.6 567.9 571.5 577.2 602.2 661.7 663.2 665.5 679.5 682.7 741   744.7 750.4 769.1 839.7 
 median: 567.9
Unsorted: 397.7 744.7 377   371.3 150.7 741   386.9 567.9 391.4 526.6 436.9 750.4 661.7 542.6 839.7 577.2 665.5 679.5 769.1 602.2 571.5 406.3 663.2 256   353.4 348.6 682.7 424   
Sorted:   150.7 256   348.6 353.4 371.3 377   386.9 391.4 397.7 406.3 424   436.9 526.6 542.6 567.9 571.5 577.2 602.2 661.7 663.2 665.5 679.5 682.7 741   744.7 750.4 769.1 839.7 
 median: 555.2
Unsorted: 397.7 744.7 377   371.3 150.7 741   386.9 567.9 391.4 526.6 436.9 750.4 661.7 542.6 839.7 577.2 665.5 679.5 769.1 602.2 571.5 406.3 663.2 256   353.4 348.6 682.7 424   
Sorted:   150.7 256   348.6 353.4 371.3 377   386.9 391.4 397.7 406.3 424   436.9 526.6 542.6 567.9 571.5 577.2 602.2 661.7 663.2 665.5 679.5 682.7 741   744.7 750.4 769.1 839.7 
 median: 555.2
Unsorted: 397.7 744.7 377   371.3 150.7 741   386.9 567.9 391.4 526.6 436.9 750.4 661.7 542.6 839.7 577.2 665.5 679.5 769.1 602.2 571.5 406.3 663.2 256   353.4 348.6 682.7 424   
Sorted:   150.7 256   348.6 353.4 371.3 377   386.9 391.4 397.7 406.3 424   436.9 526.6 542.6 567.9 571.5 577.2 602.2 661.7 663.2 665.5 679.5 682.7 741   744.7 750.4 769.1 839.7 
 median: 555.2
Unsorted: 397.7 744.7 377   371.3 150.7 741   386.9 567.9 391.4 526.6 436.9 750.4 661.7 542.6 839.7 577.2 665.5 679.5 769.1 602.2 571.5 406.3 663.2 256   353.4 348.6 682.7 424   
Sorted:   150.7 256   348.6 353.4 371.3 377   386.9 391.4 397.7 406.3 424   436.9 526.6 542.6 567.9 571.5 577.2 602.2 661.7 663.2 665.5 679.5 682.7 741   744.7 750.4 769.1 839.7 
 median: 555.2
Unsorted: 397.7 744.7 377   371.3 150.7 741   386.9 567.9 391.4 526.6 436.9 750.4 661.7 542.6 839.7 577.2 665.5 679.5 769.1 602.2 571.5 406.3 663.2 256   353.4 348.6 682.7 424   527.1 
Sorted:   150.7 256   348.6 353.4 371.3 377   386.9 391.4 397.7 406.3 424   436.9 526.6 527.1 542.6 567.9 571.5 577.2 602.2 661.7 663.2 665.5 679.5 682.7 741   744.7 750.4 769.1 839.7 
 median: 542.6
Unsorted: 397.7 744.7 377   371.3 150.7 741   386.9 567.9 391.4 526.6 436.9 750.4 661.7 542.6 839.7 577.2 665.5 679.5 769.1 602.2 571.5 406.3 663.2 256   353.4 348.6 682.7 424   527.1 
Sorted:   150.7 256   348.6 353.4 371.3 377   386.9 391.4 397.7 406.3 424   436.9 526.6 527.1 542.6 567.9 571.5 577.2 602.2 661.7 663.2 665.5 679.5 682.7 741   744.7 750.4 769.1 839.7 
 median: 542.6
Unsorted: 397.7 744.7 377   371.3 150.7 741   386.9 567.9 391.4 526.6 436.9 750.4 661.7 542.6 839.7 577.2 665.5 679.5 769.1 602.2 571.5 406.3 663.2 256   353.4 348.6 682.7 424   527.1 
Sorted:   150.7 256   348.6 353.4 371.3 377   386.9 391.4 397.7 406.3 424   436.9 526.6 527.1 542.6 567.9 571.5 577.2 602.2 661.7 663.2 665.5 679.5 682.7 741   744.7 750.4 769.1 839.7 
 median: 542.6
Unsorted: 397.7 744.7 377   371.3 150.7 741   386.9 567.9 391.4 526.6 436.9 750.4 661.7 542.6 839.7 577.2 665.5 679.5 769.1 602.2 571.5 406.3 663.2 256   353.4 348.6 682.7 424   527.1 
Sorted:   150.7 256   348.6 353.4 371.3 377   386.9 391.4 397.7 406.3 424   436.9 526.6 527.1 542.6 567.9 571.5 577.2 602.2 661.7 663.2 665.5 679.5 682.7 741   744.7 750.4 769.1 839.7 
 median: 542.6
Unsorted: 397.7 744.7 377   371.3 150.7 741   386.9 567.9 391.4 526.6 436.9 750.4 661.7 542.6 839.7 577.2 665.5 679.5 769.1 602.2 571.5 406.3 663.2 256   353.4 348.6 682.7 424   527.1 518   
Sorted:   150.7 256   348.6 353.4 371.3 377   386.9 391.4 397.7 406.3 424   436.9 518   526.6 527.1 542.6 567.9 571.5 577.2 602.2 661.7 663.2 665.5 679.5 682.7 741   744.7 750.4 769.1 839.7 
 median: 534.8
Unsorted: 397.7 744.7 377   371.3 150.7 741   386.9 567.9 391.4 526.6 436.9 750.4 661.7 542.6 839.7 577.2 665.5 679.5 769.1 602.2 571.5 406.3 663.2 256   353.4 348.6 682.7 424   527.1 518   
Sorted:   150.7 256   348.6 353.4 371.3 377   386.9 391.4 397.7 406.3 424   436.9 518   526.6 527.1 542.6 567.9 571.5 577.2 602.2 661.7 663.2 665.5 679.5 682.7 741   744.7 750.4 769.1 839.7 
 median: 534.8
Unsorted: 397.7 744.7 377   371.3 150.7 741   386.9 567.9 391.4 526.6 436.9 750.4 661.7 542.6 839.7 577.2 665.5 679.5 769.1 602.2 571.5 406.3 663.2 256   353.4 348.6 682.7 424   527.1 518   378.7 
Sorted:   150.7 256   348.6 353.4 371.3 377   378.7 386.9 391.4 397.7 406.3 424   436.9 518   526.6 527.1 542.6 567.9 571.5 577.2 602.2 661.7 663.2 665.5 679.5 682.7 741   744.7 750.4 769.1 839.7 
 median: 527.1
Unsorted: 397.7 744.7 377   371.3 150.7 741   386.9 567.9 391.4 526.6 436.9 750.4 661.7 542.6 839.7 577.2 665.5 679.5 769.1 602.2 571.5 406.3 663.2 256   353.4 348.6 682.7 424   527.1 518   378.7 
Sorted:   150.7 256   348.6 353.4 371.3 377   378.7 386.9 391.4 397.7 406.3 424   436.9 518   526.6 527.1 542.6 567.9 571.5 577.2 602.2 661.7 663.2 665.5 679.5 682.7 741   744.7 750.4 769.1 839.7 
 median: 527.1
Unsorted: 397.7 744.7 377   371.3 150.7 741   386.9 567.9 391.4 526.6 436.9 750.4 661.7 542.6 839.7 577.2 665.5 679.5 769.1 602.2 571.5 406.3 663.2 256   353.4 348.6 682.7 424   527.1 518   378.7 
Sorted:   150.7 256   348.6 353.4 371.3 377   378.7 386.9 391.4 397.7 406.3 424   436.9 518   526.6 527.1 542.6 567.9 571.5 577.2 602.2 661.7 663.2 665.5 679.5 682.7 741   744.7 750.4 769.1 839.7 
 median: 527.1
Unsorted: 397.7 744.7 377   371.3 150.7 741   386.9 567.9 391.4 526.6 436.9 750.4 661.7 542.6 839.7 577.2 665.5 679.5 769.1 602.2 571.5 406.3 663.2 256   353.4 348.6 682.7 424   527.1 518   378.7 327.5 
Sorted:   150.7 256   327.5 348.6 353.4 371.3 377   378.7 386.9 391.4 397.7 406.3 424   436.9 518   526.6 527.1 542.6 567.9 571.5 577.2 602.2 661.7 663.2 665.5 679.5 682.7 741   744.7 750.4 769.1 839.7 
 median: 526.8
Unsorted: 397.7 744.7 377   371.3 150.7 741   386.9 567.9 391.4 526.6 436.9 750.4 661.7 542.6 839.7 577.2 665.5 679.5 769.1 602.2 571.5 406.3 663.2 256   353.4 348.6 682.7 424   527.1 518   378.7 327.5 362.9 
Sorted:   150.7 256   327.5 348.6 353.4 362.9 371.3 377   378.7 386.9 391.4 397.7 406.3 424   436.9 518   526.6 527.1 542.6 567.9 571.5 577.2 602.2 661.7 663.2 665.5 679.5 682.7 741   744.7 750.4 769.1 839.7 
 median: 526.6
Unsorted: 397.7 744.7 377   371.3 150.7 741   386.9 567.9 391.4 526.6 436.9 750.4 661.7 542.6 839.7 577.2 665.5 679.5 769.1 602.2 571.5 406.3 663.2 256   353.4 348.6 682.7 424   527.1 518   378.7 327.5 362.9 322   
Sorted:   150.7 256   322   327.5 348.6 353.4 362.9 371.3 377   378.7 386.9 391.4 397.7 406.3 424   436.9 518   526.6 527.1 542.6 567.9 571.5 577.2 602.2 661.7 663.2 665.5 679.5 682.7 741   744.7 750.4 769.1 839.7 
 median: 522.3
Unsorted: 397.7 744.7 377   371.3 150.7 741   386.9 567.9 391.4 526.6 436.9 750.4 661.7 542.6 839.7 577.2 665.5 679.5 769.1 602.2 571.5 406.3 663.2 256   353.4 348.6 682.7 424   527.1 518   378.7 327.5 362.9 322   
Sorted:   150.7 256   322   327.5 348.6 353.4 362.9 371.3 377   378.7 386.9 391.4 397.7 406.3 424   436.9 518   526.6 527.1 542.6 567.9 571.5 577.2 602.2 661.7 663.2 665.5 679.5 682.7 741   744.7 750.4 769.1 839.7 
 median: 522.3
Unsorted: 397.7 744.7 377   371.3 150.7 741   386.9 567.9 391.4 526.6 436.9 750.4 661.7 542.6 839.7 577.2 665.5 679.5 769.1 602.2 571.5 406.3 663.2 256   353.4 348.6 682.7 424   527.1 518   378.7 327.5 362.9 322   
Sorted:   150.7 256   322   327.5 348.6 353.4 362.9 371.3 377   378.7 386.9 391.4 397.7 406.3 424   436.9 518   526.6 527.1 542.6 567.9 571.5 577.2 602.2 661.7 663.2 665.5 679.5 682.7 741   744.7 750.4 769.1 839.7 
 median: 522.3
Unsorted: 397.7 744.7 377   371.3 150.7 741   386.9 567.9 391.4 526.6 436.9 750.4 661.7 542.6 839.7 577.2 665.5 679.5 769.1 602.2 571.5 406.3 663.2 256   353.4 348.6 682.7 424   527.1 518   378.7 327.5 362.9 322   
Sorted:   150.7 256   322   327.5 348.6 353.4 362.9 371.3 377   378.7 386.9 391.4 397.7 406.3 424   436.9 518   526.6 527.1 542.6 567.9 571.5 577.2 602.2 661.7 663.2 665.5 679.5 682.7 741   744.7 750.4 769.1 839.7 
 median: 522.3
Unsorted: 397.7 744.7 377   371.3 150.7 741   386.9 567.9 391.4 526.6 436.9 750.4 661.7 542.6 839.7 577.2 665.5 679.5 769.1 602.2 571.5 406.3 663.2 256   353.4 348.6 682.7 424   527.1 518   378.7 327.5 362.9 322   
Sorted:   150.7 256   322   327.5 348.6 353.4 362.9 371.3 377   378.7 386.9 391.4 397.7 406.3 424   436.9 518   526.6 527.1 542.6 567.9 571.5 577.2 602.2 661.7 663.2 665.5 679.5 682.7 741   744.7 750.4 769.1 839.7 
 median: 522.3
Unsorted: 397.7 744.7 377   371.3 150.7 741   386.9 567.9 391.4 526.6 436.9 750.4 661.7 542.6 839.7 577.2 665.5 679.5 769.1 602.2 571.5 406.3 663.2 256   353.4 348.6 682.7 424   527.1 518   378.7 327.5 362.9 322   
Sorted:   150.7 256   322   327.5 348.6 353.4 362.9 371.3 377   378.7 386.9 391.4 397.7 406.3 424   436.9 518   526.6 527.1 542.6 567.9 571.5 577.2 602.2 661.7 663.2 665.5 679.5 682.7 741   744.7 750.4 769.1 839.7 
 median: 522.3
Unsorted: 397.7 744.7 377   371.3 150.7 741   386.9 567.9 391.4 526.6 436.9 750.4 661.7 542.6 839.7 577.2 665.5 679.5 769.1 602.2 571.5 406.3 663.2 256   353.4 348.6 682.7 424   527.1 518   378.7 327.5 362.9 322   
Sorted:   150.7 256   322   327.5 348.6 353.4 362.9 371.3 377   378.7 386.9 391.4 397.7 406.3 424   436.9 518   526.6 527.1 542.6 567.9 571.5 577.2 602.2 661.7 663.2 665.5 679.5 682.7 741   744.7 750.4 769.1 839.7 
 median: 522.3
Unsorted: 397.7 744.7 377   371.3 150.7 741   386.9 567.9 391.4 526.6 436.9 750.4 661.7 542.6 839.7 577.2 665.5 679.5 769.1 602.2 571.5 406.3 663.2 256   353.4 348.6 682.7 424   527.1 518   378.7 327.5 362.9 322   
Sorted:   150.7 256   322   327.5 348.6 353.4 362.9 371.3 377   378.7 386.9 391.4 397.7 406.3 424   436.9 518   526.6 527.1 542.6 567.9 571.5 577.2 602.2 661.7 663.2 665.5 679.5 682.7 741   744.7 750.4 769.1 839.7 
 median: 522.3
Unsorted: 397.7 744.7 377   371.3 150.7 741   386.9 567.9 391.4 526.6 436.9 750.4 661.7 542.6 839.7 577.2 665.5 679.5 769.1 602.2 571.5 406.3 663.2 256   353.4 348.6 682.7 424   527.1 518   378.7 327.5 362.9 322   
Sorted:   150.7 256   322   327.5 348.6 353.4 362.9 371.3 377   378.7 386.9 391.4 397.7 406.3 424   436.9 518   526.6 527.1 542.6 567.9 571.5 577.2 602.2 661.7 663.2 665.5 679.5 682.7 741   744.7 750.4 769.1 839.7 
 median: 522.3
Unsorted: 397.7 744.7 377   371.3 150.7 741   386.9 567.9 391.4 526.6 436.9 750.4 661.7 542.6 839.7 577.2 665.5 679.5 769.1 602.2 571.5 406.3 663.2 256   353.4 348.6 682.7 424   527.1 518   378.7 327.5 362.9 322   
Sorted:   150.7 256   322   327.5 348.6 353.4 362.9 371.3 377   378.7 386.9 391.4 397.7 406.3 424   436.9 518   526.6 527.1 542.6 567.9 571.5 577.2 602.2 661.7 663.2 665.5 679.5 682.7 741   744.7 750.4 769.1 839.7 
 median: 522.3
Unsorted: 397.7 744.7 377   371.3 150.7 741   386.9 567.9 391.4 526.6 436.9 750.4 661.7 542.6 839.7 577.2 665.5 679.5 769.1 602.2 571.5 406.3 663.2 256   353.4 348.6 682.7 424   527.1 518   378.7 327.5 362.9 322   
Sorted:   150.7 256   322   327.5 348.6 353.4 362.9 371.3 377   378.7 386.9 391.4 397.7 406.3 424   436.9 518   526.6 527.1 542.6 567.9 571.5 577.2 602.2 661.7 663.2 665.5 679.5 682.7 741   744.7 750.4 769.1 839.7 
 median: 522.3
Unsorted: 397.7 744.7 377   371.3 150.7 741   386.9 567.9 391.4 526.6 436.9 750.4 661.7 542.6 839.7 577.2 665.5 679.5 769.1 602.2 571.5 406.3 663.2 256   353.4 348.6 682.7 424   527.1 518   378.7 327.5 362.9 322   
Sorted:   150.7 256   322   327.5 348.6 353.4 362.9 371.3 377   378.7 386.9 391.4 397.7 406.3 424   436.9 518   526.6 527.1 542.6 567.9 571.5 577.2 602.2 661.7 663.2 665.5 679.5 682.7 741   744.7 750.4 769.1 839.7 
 median: 522.3
Unsorted: 397.7 744.7 377   371.3 150.7 741   386.9 567.9 391.4 526.6 436.9 750.4 661.7 542.6 839.7 577.2 665.5 679.5 769.1 602.2 571.5 406.3 663.2 256   353.4 348.6 682.7 424   527.1 518   378.7 327.5 362.9 322   
Sorted:   150.7 256   322   327.5 348.6 353.4 362.9 371.3 377   378.7 386.9 391.4 397.7 406.3 424   436.9 518   526.6 527.1 542.6 567.9 571.5 577.2 602.2 661.7 663.2 665.5 679.5 682.7 741   744.7 750.4 769.1 839.7 
 median: 522.3
Unsorted: 397.7 744.7 377   371.3 150.7 741   386.9 567.9 391.4 526.6 436.9 750.4 661.7 542.6 839.7 577.2 665.5 679.5 769.1 602.2 571.5 406.3 663.2 256   353.4 348.6 682.7 424   527.1 518   378.7 327.5 362.9 322   
Sorted:   150.7 256   322   327.5 348.6 353.4 362.9 371.3 377   378.7 386.9 391.4 397.7 406.3 424   436.9 518   526.6 527.1 542.6 567.9 571.5 577.2 602.2 661.7 663.2 665.5 679.5 682.7 741   744.7 750.4 769.1 839.7 
 median: 522.3
Unsorted: 397.7 744.7 377   371.3 150.7 741   386.9 567.9 391.4 526.6 436.9 750.4 661.7 542.6 839.7 577.2 665.5 679.5 769.1 602.2 571.5 406.3 663.2 256   353.4 348.6 682.7 424   527.1 518   378.7 327.5 362.9 322   
Sorted:   150.7 256   322   327.5 348.6 353.4 362.9 371.3 377   378.7 386.9 391.4 397.7 406.3 424   436.9 518   526.6 527.1 542.6 567.9 571.5 577.2 602.2 661.7 663.2 665.5 679.5 682.7 741   744.7 750.4 769.1 839.7 
 median: 522.3
Unsorted: 397.7 744.7 377   371.3 150.7 741   386.9 567.9 391.4 526.6 436.9 750.4 661.7 542.6 839.7 577.2 665.5 679.5 769.1 602.2 571.5 406.3 663.2 256   353.4 348.6 682.7 424   527.1 518   378.7 327.5 362.9 322   
Sorted:   150.7 256   322   327.5 348.6 353.4 362.9 371.3 377   378.7 386.9 391.4 397.7 406.3 424   436.9 518   526.6 527.1 542.6 567.9 571.5 577.2 602.2 661.7 663.2 665.5 679.5 682.7 741   744.7 750.4 769.1 839.7 
 median: 522.3
Unsorted: 397.7 744.7 377   371.3 150.7 741   386.9 567.9 391.4 526.6 436.9 750.4 661.7 542.6 839.7 577.2 665.5 679.5 769.1 602.2 571.5 406.3 663.2 256   353.4 348.6 682.7 424   527.1 518   378.7 327.5 362.9 322   
Sorted:   150.7 256   322   327.5 348.6 353.4 362.9 371.3 377   378.7 386.9 391.4 397.7 406.3 424   436.9 518   526.6 527.1 542.6 567.9 571.5 577.2 602.2 661.7 663.2 665.5 679.5 682.7 741   744.7 750.4 769.1 839.7 
 median: 522.3
Unsorted: 397.7 744.7 377   371.3 150.7 741   386.9 567.9 391.4 526.6 436.9 750.4 661.7 542.6 839.7 577.2 665.5 679.5 769.1 602.2 571.5 406.3 663.2 256   353.4 348.6 682.7 424   527.1 518   378.7 327.5 362.9 322   
Sorted:   150.7 256   322   327.5 348.6 353.4 362.9 371.3 377   378.7 386.9 391.4 397.7 406.3 424   436.9 518   526.6 527.1 542.6 567.9 571.5 577.2 602.2 661.7 663.2 665.5 679.5 682.7 741   744.7 750.4 769.1 839.7 
 median: 522.3
Unsorted: 397.7 744.7 377   371.3 150.7 741   386.9 567.9 391.4 526.6 436.9 750.4 661.7 542.6 839.7 577.2 665.5 679.5 769.1 602.2 571.5 406.3 663.2 256   353.4 348.6 682.7 424   527.1 518   378.7 327.5 362.9 322   
Sorted:   150.7 256   322   327.5 348.6 353.4 362.9 371.3 377   378.7 386.9 391.4 397.7 406.3 424   436.9 518   526.6 527.1 542.6 567.9 571.5 577.2 602.2 661.7 663.2 665.5 679.5 682.7 741   744.7 750.4 769.1 839.7 
 median: 522.3
Unsorted: 397.7 744.7 377   371.3 150.7 741   386.9 567.9 391.4 526.6 436.9 750.4 661.7 542.6 839.7 577.2 665.5 679.5 769.1 602.2 571.5 406.3 663.2 256   353.4 348.6 682.7 424   527.1 518   378.7 327.5 362.9 322   
Sorted:   150.7 256   322   327.5 348.6 353.4 362.9 371.3 377   378.7 386.9 391.4 397.7 406.3 424   436.9 518   526.6 527.1 542.6 567.9 571.5 577.2 602.2 661.7 663.2 665.5 679.5 682.7 741   744.7 750.4 769.1 839.7 
 median: 522.3
Unsorted: 397.7 744.7 377   371.3 150.7 741   386.9 567.9 391.4 526.6 436.9 750.4 661.7 542.6 839.7 577.2 665.5 679.5 769.1 602.2 571.5 406.3 663.2 256   353.4 348.6 682.7 424   527.1 518   378.7 327.5 362.9 322   200.8 
Sorted:   150.7 200.8 256   322   327.5 348.6 353.4 362.9 371.3 377   378.7 386.9 391.4 397.7 406.3 424   436.9 518   526.6 527.1 542.6 567.9 571.5 577.2 602.2 661.7 663.2 665.5 679.5 682.7 741   744.7 750.4 769.1 839.7 
 median: 518
Unsorted: 397.7 744.7 377   371.3 150.7 741   386.9 567.9 391.4 526.6 436.9 750.4 661.7 542.6 839.7 577.2 665.5 679.5 769.1 602.2 571.5 406.3 663.2 256   353.4 348.6 682.7 424   527.1 518   378.7 327.5 362.9 322   200.8 
Sorted:   150.7 200.8 256   322   327.5 348.6 353.4 362.9 371.3 377   378.7 386.9 391.4 397.7 406.3 424   436.9 518   526.6 527.1 542.6 567.9 571.5 577.2 602.2 661.7 663.2 665.5 679.5 682.7 741   744.7 750.4 769.1 839.7 
 median: 518
Unsorted: 397.7 744.7 377   371.3 150.7 741   386.9 567.9 391.4 526.6 436.9 750.4 661.7 542.6 839.7 577.2 665.5 679.5 769.1 602.2 571.5 406.3 663.2 256   353.4 348.6 682.7 424   527.1 518   378.7 327.5 362.9 322   200.8 
Sorted:   150.7 200.8 256   322   327.5 348.6 353.4 362.9 371.3 377   378.7 386.9 391.4 397.7 406.3 424   436.9 518   526.6 527.1 542.6 567.9 571.5 577.2 602.2 661.7 663.2 665.5 679.5 682.7 741   744.7 750.4 769.1 839.7 
 median: 518
Unsorted: 397.7 744.7 377   371.3 150.7 741   386.9 567.9 391.4 526.6 436.9 750.4 661.7 542.6 839.7 577.2 665.5 679.5 769.1 602.2 571.5 406.3 663.2 256   353.4 348.6 682.7 424   527.1 518   378.7 327.5 362.9 322   200.8 686.2 
Sorted:   150.7 200.8 256   322   327.5 348.6 353.4 362.9 371.3 377   378.7 386.9 391.4 397.7 406.3 424   436.9 518   526.6 527.1 542.6 567.9 571.5 577.2 602.2 661.7 663.2 665.5 679.5 682.7 686.2 741   744.7 750.4 769.1 839.7 
 median: 522.3
Unsorted: 397.7 744.7 377   371.3 150.7 741   386.9 567.9 391.4 526.6 436.9 750.4 661.7 542.6 839.7 577.2 665.5 679.5 769.1 602.2 571.5 406.3 663.2 256   353.4 348.6 682.7 424   527.1 518   378.7 327.5 362.9 322   200.8 686.2 
Sorted:   150.7 200.8 256   322   327.5 348.6 353.4 362.9 371.3 377   378.7 386.9 391.4 397.7 406.3 424   436.9 518   526.6 527.1 542.6 567.9 571.5 577.2 602.2 661.7 663.2 665.5 679.5 682.7 686.2 741   744.7 750.4 769.1 839.7 
 median: 522.3
Unsorted: 397.7 744.7 377   371.3 150.7 741   386.9 567.9 391.4 526.6 436.9 750.4 661.7 542.6 839.7 577.2 665.5 679.5 769.1 602.2 571.5 406.3 663.2 256   353.4 348.6 682.7 424   527.1 518   378.7 327.5 362.9 322   200.8 686.2 
Sorted:   150.7 200.8 256   322   327.5 348.6 353.4 362.9 371.3 377   378.7 386.9 391.4 397.7 406.3 424   436.9 518   526.6 527.1 542.6 567.9 571.5 577.2 602.2 661.7 663.2 665.5 679.5 682.7 686.2 741   744.7 750.4 769.1 839.7 
 median: 522.3
Unsorted: 397.7 744.7 377   371.3 150.7 741   386.9 567.9 391.4 526.6 436.9 750.4 661.7 542.6 839.7 577.2 665.5 679.5 769.1 602.2 571.5 406.3 663.2 256   353.4 348.6 682.7 424   527.1 518   378.7 327.5 362.9 322   200.8 686.2 
Sorted:   150.7 200.8 256   322   327.5 348.6 353.4 362.9 371.3 377   378.7 386.9 391.4 397.7 406.3 424   436.9 518   526.6 527.1 542.6 567.9 571.5 577.2 602.2 661.7 663.2 665.5 679.5 682.7 686.2 741   744.7 750.4 769.1 839.7 
 median: 522.3
Unsorted: 397.7 744.7 377   371.3 150.7 741   386.9 567.9 391.4 526.6 436.9 750.4 661.7 542.6 839.7 577.2 665.5 679.5 769.1 602.2 571.5 406.3 663.2 256   353.4 348.6 682.7 424   527.1 518   378.7 327.5 362.9 322   200.8 686.2 
Sorted:   150.7 200.8 256   322   327.5 348.6 353.4 362.9 371.3 377   378.7 386.9 391.4 397.7 406.3 424   436.9 518   526.6 527.1 542.6 567.9 571.5 577.2 602.2 661.7 663.2 665.5 679.5 682.7 686.2 741   744.7 750.4 769.1 839.7 
 median: 522.3
Unsorted: 397.7 744.7 377   371.3 150.7 741   386.9 567.9 391.4 526.6 436.9 750.4 661.7 542.6 839.7 577.2 665.5 679.5 769.1 602.2 571.5 406.3 663.2 256   353.4 348.6 682.7 424   527.1 518   378.7 327.5 362.9 322   200.8 686.2 
Sorted:   150.7 200.8 256   322   327.5 348.6 353.4 362.9 371.3 377   378.7 386.9 391.4 397.7 406.3 424   436.9 518   526.6 527.1 542.6 567.9 571.5 577.2 602.2 661.7 663.2 665.5 679.5 682.7 686.2 741   744.7 750.4 769.1 839.7 
 median: 522.3
Unsorted: 397.7 744.7 377   371.3 150.7 741   386.9 567.9 391.4 526.6 436.9 750.4 661.7 542.6 839.7 577.2 665.5 679.5 769.1 602.2 571.5 406.3 663.2 256   353.4 348.6 682.7 424   527.1 518   378.7 327.5 362.9 322   200.8 686.2 
Sorted:   150.7 200.8 256   322   327.5 348.6 353.4 362.9 371.3 377   378.7 386.9 391.4 397.7 406.3 424   436.9 518   526.6 527.1 542.6 567.9 571.5 577.2 602.2 661.7 663.2 665.5 679.5 682.7 686.2 741   744.7 750.4 769.1 839.7 
 median: 522.3
Unsorted: 397.7 744.7 377   371.3 150.7 741   386.9 567.9 391.4 526.6 436.9 750.4 661.7 542.6 839.7 577.2 665.5 679.5 769.1 602.2 571.5 406.3 663.2 256   353.4 348.6 682.7 424   527.1 518   378.7 327.5 362.9 322   200.8 686.2 
Sorted:   150.7 200.8 256   322   327.5 348.6 353.4 362.9 371.3 377   378.7 386.9 391.4 397.7 406.3 424   436.9 518   526.6 527.1 542.6 567.9 571.5 577.2 602.2 661.7 663.2 665.5 679.5 682.7 686.2 741   744.7 750.4 769.1 839.7 
 median: 522.3
Unsorted: 397.7 744.7 377   371.3 150.7 741   386.9 567.9 391.4 526.6 436.9 750.4 661.7 542.6 839.7 577.2 665.5 679.5 769.1 602.2 571.5 406.3 663.2 256   353.4 348.6 682.7 424   527.1 518   378.7 327.5 362.9 322   200.8 686.2 
Sorted:   150.7 200.8 256   322   327.5 348.6 353.4 362.9 371.3 377   378.7 386.9 391.4 397.7 406.3 424   436.9 518   526.6 527.1 542.6 567.9 571.5 577.2 602.2 661.7 663.2 665.5 679.5 682.7 686.2 741   744.7 750.4 769.1 839.7 
 median: 522.3
Unsorted: 397.7 744.7 377   371.3 150.7 741   386.9 567.9 391.4 526.6 436.9 750.4 661.7 542.6 839.7 577.2 665.5 679.5 769.1 602.2 571.5 406.3 663.2 256   353.4 348.6 682.7 424   527.1 518   378.7 327.5 362.9 322   200.8 686.2 
Sorted:   150.7 200.8 256   322   327.5 348.6 353.4 362.9 371.3 377   378.7 386.9 391.4 397.7 406.3 424   436.9 518   526.6 527.1 542.6 567.9 571.5 577.2 602.2 661.7 663.2 665.5 679.5 682.7 686.2 741   744.7 750.4 769.1 839.7 
 median: 522.3
Unsorted: 397.7 744.7 377   371.3 150.7 741   386.9 567.9 391.4 526.6 436.9 750.4 661.7 542.6 839.7 577.2 665.5 679.5 769.1 602.2 571.5 406.3 663.2 256   353.4 348.6 682.7 424   527.1 518   378.7 327.5 362.9 322   200.8 686.2 
Sorted:   150.7 200.8 256   322   327.5 348.6 353.4 362.9 371.3 377   378.7 386.9 391.4 397.7 406.3 424   436.9 518   526.6 527.1 542.6 567.9 571.5 577.2 602.2 661.7 663.2 665.5 679.5 682.7 686.2 741   744.7 750.4 769.1 839.7 
 median: 522.3
Unsorted: 397.7 744.7 377   371.3 150.7 741   386.9 567.9 391.4 526.6 436.9 750.4 661.7 542.6 839.7 577.2 665.5 679.5 769.1 602.2 571.5 406.3 663.2 256   353.4 348.6 682.7 424   527.1 518   378.7 327.5 362.9 322   200.8 686.2 
Sorted:   150.7 200.8 256   322   327.5 348.6 353.4 362.9 371.3 377   378.7 386.9 391.4 397.7 406.3 424   436.9 518   526.6 527.1 542.6 567.9 571.5 577.2 602.2 661.7 663.2 665.5 679.5 682.7 686.2 741   744.7 750.4 769.1 839.7 
 median: 522.3
Unsorted: 397.7 744.7 377   371.3 150.7 741   386.9 567.9 391.4 526.6 436.9 750.4 661.7 542.6 839.7 577.2 665.5 679.5 769.1 602.2 571.5 406.3 663.2 256   353.4 348.6 682.7 424   527.1 518   378.7 327.5 362.9 322   200.8 686.2 
Sorted:   150.7 200.8 256   322   327.5 348.6 353.4 362.9 371.3 377   378.7 386.9 391.4 397.7 406.3 424   436.9 518   526.6 527.1 542.6 567.9 571.5 577.2 602.2 661.7 663.2 665.5 679.5 682.7 686.2 741   744.7 750.4 769.1 839.7 
 median: 522.3
Unsorted: 397.7 744.7 377   371.3 150.7 741   386.9 567.9 391.4 526.6 436.9 750.4 661.7 542.6 839.7 577.2 665.5 679.5 769.1 602.2 571.5 406.3 663.2 256   353.4 348.6 682.7 424   527.1 518   378.7 327.5 362.9 322   200.8 686.2 
Sorted:   150.7 200.8 256   322   327.5 348.6 353.4 362.9 371.3 377   378.7 386.9 391.4 397.7 406.3 424   436.9 518   526.6 527.1 542.6 567.9 571.5 577.2 602.2 661.7 663.2 665.5 679.5 682.7 686.2 741   744.7 750.4 769.1 839.7 
 median: 522.3
Unsorted: 397.7 744.7 377   371.3 150.7 741   386.9 567.9 391.4 526.6 436.9 750.4 661.7 542.6 839.7 577.2 665.5 679.5 769.1 602.2 571.5 406.3 663.2 256   353.4 348.6 682.7 424   527.1 518   378.7 327.5 362.9 322   200.8 686.2 
Sorted:   150.7 200.8 256   322   327.5 348.6 353.4 362.9 371.3 377   378.7 386.9 391.4 397.7 406.3 424   436.9 518   526.6 527.1 542.6 567.9 571.5 577.2 602.2 661.7 663.2 665.5 679.5 682.7 686.2 741   744.7 750.4 769.1 839.7 
 median: 522.3
Unsorted: 397.7 744.7 377   371.3 150.7 741   386.9 567.9 391.4 526.6 436.9 750.4 661.7 542.6 839.7 577.2 665.5 679.5 769.1 602.2 571.5 406.3 663.2 256   353.4 348.6 682.7 424   527.1 518   378.7 327.5 362.9 322   200.8 686.2 
Sorted:   150.7 200.8 256   322   327.5 348.6 353.4 362.9 371.3 377   378.7 386.9 391.4 397.7 406.3 424   436.9 518   526.6 527.1 542.6 567.9 571.5 577.2 602.2 661.7 663.2 665.5 679.5 682.7 686.2 741   744.7 750.4 769.1 839.7 
 median: 522.3
Unsorted: 397.7 744.7 377   371.3 150.7 741   386.9 567.9 391.4 526.6 436.9 750.4 661.7 542.6 839.7 577.2 665.5 679.5 769.1 602.2 571.5 406.3 663.2 256   353.4 348.6 682.7 424   527.1 518   378.7 327.5 362.9 322   200.8 686.2 
Sorted:   150.7 200.8 256   322   327.5 348.6 353.4 362.9 371.3 377   378.7 386.9 391.4 397.7 406.3 424   436.9 518   526.6 527.1 542.6 567.9 571.5 577.2 602.2 661.7 663.2 665.5 679.5 682.7 686.2 741   744.7 750.4 769.1 839.7 
 median: 522.3
Unsorted: 397.7 744.7 377   371.3 150.7 741   386.9 567.9 391.4 526.6 436.9 750.4 661.7 542.6 839.7 577.2 665.5 679.5 769.1 602.2 571.5 406.3 663.2 256   353.4 348.6 682.7 424   527.1 518   378.7 327.5 362.9 322   200.8 686.2 
Sorted:   150.7 200.8 256   322   327.5 348.6 353.4 362.9 371.3 377   378.7 386.9 391.4 397.7 406.3 424   436.9 518   526.6 527.1 542.6 567.9 571.5 577.2 602.2 661.7 663.2 665.5 679.5 682.7 686.2 741   744.7 750.4 769.1 839.7 
 median: 522.3
Unsorted: 397.7 744.7 377   371.3 150.7 741   386.9 567.9 391.4 526.6 436.9 750.4 661.7 542.6 839.7 577.2 665.5 679.5 769.1 602.2 571.5 406.3 663.2 256   353.4 348.6 682.7 424   527.1 518   378.7 327.5 362.9 322   200.8 686.2 
Sorted:   150.7 200.8 256   322   327.5 348.6 353.4 362.9 371.3 377   378.7 386.9 391.4 397.7 406.3 424   436.9 518   526.6 527.1 542.6 567.9 571.5 577.2 602.2 661.7 663.2 665.5 679.5 682.7 686.2 741   744.7 750.4 769.1 839.7 
 median: 522.3
Unsorted: 397.7 744.7 377   371.3 150.7 741   386.9 567.9 391.4 526.6 436.9 750.4 661.7 542.6 839.7 577.2 665.5 679.5 769.1 602.2 571.5 406.3 663.2 256   353.4 348.6 682.7 424   527.1 518   378.7 327.5 362.9 322   200.8 686.2 412.9 
Sorted:   150.7 200.8 256   322   327.5 348.6 353.4 362.9 371.3 377   378.7 386.9 391.4 397.7 406.3 412.9 424   436.9 518   526.6 527.1 542.6 567.9 571.5 577.2 602.2 661.7 663.2 665.5 679.5 682.7 686.2 741   744.7 750.4 769.1 839.7 
 median: 518
