
Beginning rightArm data output...


Unsorted: 457.4 
Sorted:   457.4 
 median: 457.4
Unsorted: 457.4 670.8 
Sorted:   457.4 670.8 
 median: 564.1
Unsorted: 457.4 670.8 668.1 
Sorted:   457.4 668.1 670.8 
 median: 668.1
Unsorted: 457.4 670.8 668.1 423.9 
Sorted:   423.9 457.4 668.1 670.8 
 median: 562.8
Unsorted: 457.4 670.8 668.1 423.9 426.6 
Sorted:   423.9 426.6 457.4 668.1 670.8 
 median: 457.4
Unsorted: 457.4 670.8 668.1 423.9 426.6 678.1 
Sorted:   423.9 426.6 457.4 668.1 670.8 678.1 
 median: 562.8
Unsorted: 457.4 670.8 668.1 423.9 426.6 678.1 634.7 
Sorted:   423.9 426.6 457.4 634.7 668.1 670.8 678.1 
 median: 634.7
Unsorted: 457.4 670.8 668.1 423.9 426.6 678.1 634.7 663.1 
Sorted:   423.9 426.6 457.4 634.7 663.1 668.1 670.8 678.1 
 median: 648.9
Unsorted: 457.4 670.8 668.1 423.9 426.6 678.1 634.7 663.1 425.2 
Sorted:   423.9 425.2 426.6 457.4 634.7 663.1 668.1 670.8 678.1 
 median: 634.7
Unsorted: 457.4 670.8 668.1 423.9 426.6 678.1 634.7 663.1 425.2 604.6 
Sorted:   423.9 425.2 426.6 457.4 604.6 634.7 663.1 668.1 670.8 678.1 
 median: 619.6
Unsorted: 457.4 670.8 668.1 423.9 426.6 678.1 634.7 663.1 425.2 604.6 612.9 
Sorted:   423.9 425.2 426.6 457.4 604.6 612.9 634.7 663.1 668.1 670.8 678.1 
 median: 612.9
Unsorted: 457.4 670.8 668.1 423.9 426.6 678.1 634.7 663.1 425.2 604.6 612.9 678.2 
Sorted:   423.9 425.2 426.6 457.4 604.6 612.9 634.7 663.1 668.1 670.8 678.1 678.2 
 median: 623.8
Unsorted: 457.4 670.8 668.1 423.9 426.6 678.1 634.7 663.1 425.2 604.6 612.9 678.2 632.7 
Sorted:   423.9 425.2 426.6 457.4 604.6 612.9 632.7 634.7 663.1 668.1 670.8 678.1 678.2 
 median: 632.7
Unsorted: 457.4 670.8 668.1 423.9 426.6 678.1 634.7 663.1 425.2 604.6 612.9 678.2 632.7 654.1 
Sorted:   423.9 425.2 426.6 457.4 604.6 612.9 632.7 634.7 654.1 663.1 668.1 670.8 678.1 678.2 
 median: 633.7
Unsorted: 457.4 670.8 668.1 423.9 426.6 678.1 634.7 663.1 425.2 604.6 612.9 678.2 632.7 654.1 
Sorted:   423.9 425.2 426.6 457.4 604.6 612.9 632.7 634.7 654.1 663.1 668.1 670.8 678.1 678.2 
 median: 633.7
Unsorted: 457.4 670.8 668.1 423.9 426.6 678.1 634.7 663.1 425.2 604.6 612.9 678.2 632.7 654.1 597   
Sorted:   423.9 425.2 426.6 457.4 597   604.6 612.9 632.7 634.7 654.1 663.1 668.1 670.8 678.1 678.2 
 median: 632.7
Unsorted: 457.4 670.8 668.1 423.9 426.6 678.1 634.7 663.1 425.2 604.6 612.9 678.2 632.7 654.1 597   652.1 
Sorted:   423.9 425.2 426.6 457.4 597   604.6 612.9 632.7 634.7 652.1 654.1 663.1 668.1 670.8 678.1 678.2 
 median: 633.7
Unsorted: 457.4 670.8 668.1 423.9 426.6 678.1 634.7 663.1 425.2 604.6 612.9 678.2 632.7 654.1 597   652.1 
Sorted:   423.9 425.2 426.6 457.4 597   604.6 612.9 632.7 634.7 652.1 654.1 663.1 668.1 670.8 678.1 678.2 
 median: 633.7
Unsorted: 457.4 670.8 668.1 423.9 426.6 678.1 634.7 663.1 425.2 604.6 612.9 678.2 632.7 654.1 597   652.1 657   
Sorted:   423.9 425.2 426.6 457.4 597   604.6 612.9 632.7 634.7 652.1 654.1 657   663.1 668.1 670.8 678.1 678.2 
 median: 634.7
Unsorted: 457.4 670.8 668.1 423.9 426.6 678.1 634.7 663.1 425.2 604.6 612.9 678.2 632.7 654.1 597   652.1 657   646   
Sorted:   423.9 425.2 426.6 457.4 597   604.6 612.9 632.7 634.7 646   652.1 654.1 657   663.1 668.1 670.8 678.1 678.2 
 median: 640.3
Unsorted: 457.4 670.8 668.1 423.9 426.6 678.1 634.7 663.1 425.2 604.6 612.9 678.2 632.7 654.1 597   652.1 657   646   142.3 
Sorted:   142.3 423.9 425.2 426.6 457.4 597   604.6 612.9 632.7 634.7 646   652.1 654.1 657   663.1 668.1 670.8 678.1 678.2 
 median: 634.7
Unsorted: 457.4 670.8 668.1 423.9 426.6 678.1 634.7 663.1 425.2 604.6 612.9 678.2 632.7 654.1 597   652.1 657   646   142.3 692.1 
Sorted:   142.3 423.9 425.2 426.6 457.4 597   604.6 612.9 632.7 634.7 646   652.1 654.1 657   663.1 668.1 670.8 678.1 678.2 692.1 
 median: 640.3
Unsorted: 457.4 670.8 668.1 423.9 426.6 678.1 634.7 663.1 425.2 604.6 612.9 678.2 632.7 654.1 597   652.1 657   646   142.3 692.1 
Sorted:   142.3 423.9 425.2 426.6 457.4 597   604.6 612.9 632.7 634.7 646   652.1 654.1 657   663.1 668.1 670.8 678.1 678.2 692.1 
 median: 640.3
Unsorted: 457.4 670.8 668.1 423.9 426.6 678.1 634.7 663.1 425.2 604.6 612.9 678.2 632.7 654.1 597   652.1 657   646   142.3 692.1 446   
Sorted:   142.3 423.9 425.2 426.6 446   457.4 597   604.6 612.9 632.7 634.7 646   652.1 654.1 657   663.1 668.1 670.8 678.1 678.2 692.1 
 median: 634.7
Unsorted: 457.4 670.8 668.1 423.9 426.6 678.1 634.7 663.1 425.2 604.6 612.9 678.2 632.7 654.1 597   652.1 657   646   142.3 692.1 446   674   
Sorted:   142.3 423.9 425.2 426.6 446   457.4 597   604.6 612.9 632.7 634.7 646   652.1 654.1 657   663.1 668.1 670.8 674   678.1 678.2 692.1 
 median: 640.3
Unsorted: 457.4 670.8 668.1 423.9 426.6 678.1 634.7 663.1 425.2 604.6 612.9 678.2 632.7 654.1 597   652.1 657   646   142.3 692.1 446   674   686.9 
Sorted:   142.3 423.9 425.2 426.6 446   457.4 597   604.6 612.9 632.7 634.7 646   652.1 654.1 657   663.1 668.1 670.8 674   678.1 678.2 686.9 692.1 
 median: 646
Unsorted: 457.4 670.8 668.1 423.9 426.6 678.1 634.7 663.1 425.2 604.6 612.9 678.2 632.7 654.1 597   652.1 657   646   142.3 692.1 446   674   686.9 684.4 
Sorted:   142.3 423.9 425.2 426.6 446   457.4 597   604.6 612.9 632.7 634.7 646   652.1 654.1 657   663.1 668.1 670.8 674   678.1 678.2 684.4 686.9 692.1 
 median: 649
Unsorted: 457.4 670.8 668.1 423.9 426.6 678.1 634.7 663.1 425.2 604.6 612.9 678.2 632.7 654.1 597   652.1 657   646   142.3 692.1 446   674   686.9 684.4 
Sorted:   142.3 423.9 425.2 426.6 446   457.4 597   604.6 612.9 632.7 634.7 646   652.1 654.1 657   663.1 668.1 670.8 674   678.1 678.2 684.4 686.9 692.1 
 median: 649
Unsorted: 457.4 670.8 668.1 423.9 426.6 678.1 634.7 663.1 425.2 604.6 612.9 678.2 632.7 654.1 597   652.1 657   646   142.3 692.1 446   674   686.9 684.4 733.3 
Sorted:   142.3 423.9 425.2 426.6 446   457.4 597   604.6 612.9 632.7 634.7 646   652.1 654.1 657   663.1 668.1 670.8 674   678.1 678.2 684.4 686.9 692.1 733.3 
 median: 652.1
Unsorted: 457.4 670.8 668.1 423.9 426.6 678.1 634.7 663.1 425.2 604.6 612.9 678.2 632.7 654.1 597   652.1 657   646   142.3 692.1 446   674   686.9 684.4 733.3 651.5 
Sorted:   142.3 423.9 425.2 426.6 446   457.4 597   604.6 612.9 632.7 634.7 646   651.5 652.1 654.1 657   663.1 668.1 670.8 674   678.1 678.2 684.4 686.9 692.1 733.3 
 median: 651.8
Unsorted: 457.4 670.8 668.1 423.9 426.6 678.1 634.7 663.1 425.2 604.6 612.9 678.2 632.7 654.1 597   652.1 657   646   142.3 692.1 446   674   686.9 684.4 733.3 651.5 
Sorted:   142.3 423.9 425.2 426.6 446   457.4 597   604.6 612.9 632.7 634.7 646   651.5 652.1 654.1 657   663.1 668.1 670.8 674   678.1 678.2 684.4 686.9 692.1 733.3 
 median: 651.8
Unsorted: 457.4 670.8 668.1 423.9 426.6 678.1 634.7 663.1 425.2 604.6 612.9 678.2 632.7 654.1 597   652.1 657   646   142.3 692.1 446   674   686.9 684.4 733.3 651.5 
Sorted:   142.3 423.9 425.2 426.6 446   457.4 597   604.6 612.9 632.7 634.7 646   651.5 652.1 654.1 657   663.1 668.1 670.8 674   678.1 678.2 684.4 686.9 692.1 733.3 
 median: 651.8
Unsorted: 457.4 670.8 668.1 423.9 426.6 678.1 634.7 663.1 425.2 604.6 612.9 678.2 632.7 654.1 597   652.1 657   646   142.3 692.1 446   674   686.9 684.4 733.3 651.5 
Sorted:   142.3 423.9 425.2 426.6 446   457.4 597   604.6 612.9 632.7 634.7 646   651.5 652.1 654.1 657   663.1 668.1 670.8 674   678.1 678.2 684.4 686.9 692.1 733.3 
 median: 651.8
Unsorted: 457.4 670.8 668.1 423.9 426.6 678.1 634.7 663.1 425.2 604.6 612.9 678.2 632.7 654.1 597   652.1 657   646   142.3 692.1 446   674   686.9 684.4 733.3 651.5 717.6 
Sorted:   142.3 423.9 425.2 426.6 446   457.4 597   604.6 612.9 632.7 634.7 646   651.5 652.1 654.1 657   663.1 668.1 670.8 674   678.1 678.2 684.4 686.9 692.1 717.6 733.3 
 median: 652.1
Unsorted: 457.4 670.8 668.1 423.9 426.6 678.1 634.7 663.1 425.2 604.6 612.9 678.2 632.7 654.1 597   652.1 657   646   142.3 692.1 446   674   686.9 684.4 733.3 651.5 717.6 
Sorted:   142.3 423.9 425.2 426.6 446   457.4 597   604.6 612.9 632.7 634.7 646   651.5 652.1 654.1 657   663.1 668.1 670.8 674   678.1 678.2 684.4 686.9 692.1 717.6 733.3 
 median: 652.1
Unsorted: 457.4 670.8 668.1 423.9 426.6 678.1 634.7 663.1 425.2 604.6 612.9 678.2 632.7 654.1 597   652.1 657   646   142.3 692.1 446   674   686.9 684.4 733.3 651.5 717.6 718.1 
Sorted:   142.3 423.9 425.2 426.6 446   457.4 597   604.6 612.9 632.7 634.7 646   651.5 652.1 654.1 657   663.1 668.1 670.8 674   678.1 678.2 684.4 686.9 692.1 717.6 718.1 733.3 
 median: 653.1
Unsorted: 457.4 670.8 668.1 423.9 426.6 678.1 634.7 663.1 425.2 604.6 612.9 678.2 632.7 654.1 597   652.1 657   646   142.3 692.1 446   674   686.9 684.4 733.3 651.5 717.6 718.1 
Sorted:   142.3 423.9 425.2 426.6 446   457.4 597   604.6 612.9 632.7 634.7 646   651.5 652.1 654.1 657   663.1 668.1 670.8 674   678.1 678.2 684.4 686.9 692.1 717.6 718.1 733.3 
 median: 653.1
Unsorted: 457.4 670.8 668.1 423.9 426.6 678.1 634.7 663.1 425.2 604.6 612.9 678.2 632.7 654.1 597   652.1 657   646   142.3 692.1 446   674   686.9 684.4 733.3 651.5 717.6 718.1 
Sorted:   142.3 423.9 425.2 426.6 446   457.4 597   604.6 612.9 632.7 634.7 646   651.5 652.1 654.1 657   663.1 668.1 670.8 674   678.1 678.2 684.4 686.9 692.1 717.6 718.1 733.3 
 median: 653.1
Unsorted: 457.4 670.8 668.1 423.9 426.6 678.1 634.7 663.1 425.2 604.6 612.9 678.2 632.7 654.1 597   652.1 657   646   142.3 692.1 446   674   686.9 684.4 733.3 651.5 717.6 718.1 
Sorted:   142.3 423.9 425.2 426.6 446   457.4 597   604.6 612.9 632.7 634.7 646   651.5 652.1 654.1 657   663.1 668.1 670.8 674   678.1 678.2 684.4 686.9 692.1 717.6 718.1 733.3 
 median: 653.1
Unsorted: 457.4 670.8 668.1 423.9 426.6 678.1 634.7 663.1 425.2 604.6 612.9 678.2 632.7 654.1 597   652.1 657   646   142.3 692.1 446   674   686.9 684.4 733.3 651.5 717.6 718.1 707.3 
Sorted:   142.3 423.9 425.2 426.6 446   457.4 597   604.6 612.9 632.7 634.7 646   651.5 652.1 654.1 657   663.1 668.1 670.8 674   678.1 678.2 684.4 686.9 692.1 707.3 717.6 718.1 733.3 
 median: 654.1
Unsorted: 457.4 670.8 668.1 423.9 426.6 678.1 634.7 663.1 425.2 604.6 612.9 678.2 632.7 654.1 597   652.1 657   646   142.3 692.1 446   674   686.9 684.4 733.3 651.5 717.6 718.1 707.3 
Sorted:   142.3 423.9 425.2 426.6 446   457.4 597   604.6 612.9 632.7 634.7 646   651.5 652.1 654.1 657   663.1 668.1 670.8 674   678.1 678.2 684.4 686.9 692.1 707.3 717.6 718.1 733.3 
 median: 654.1
Unsorted: 457.4 670.8 668.1 423.9 426.6 678.1 634.7 663.1 425.2 604.6 612.9 678.2 632.7 654.1 597   652.1 657   646   142.3 692.1 446   674   686.9 684.4 733.3 651.5 717.6 718.1 707.3 
Sorted:   142.3 423.9 425.2 426.6 446   457.4 597   604.6 612.9 632.7 634.7 646   651.5 652.1 654.1 657   663.1 668.1 670.8 674   678.1 678.2 684.4 686.9 692.1 707.3 717.6 718.1 733.3 
 median: 654.1
Unsorted: 457.4 670.8 668.1 423.9 426.6 678.1 634.7 663.1 425.2 604.6 612.9 678.2 632.7 654.1 597   652.1 657   646   142.3 692.1 446   674   686.9 684.4 733.3 651.5 717.6 718.1 707.3 
Sorted:   142.3 423.9 425.2 426.6 446   457.4 597   604.6 612.9 632.7 634.7 646   651.5 652.1 654.1 657   663.1 668.1 670.8 674   678.1 678.2 684.4 686.9 692.1 707.3 717.6 718.1 733.3 
 median: 654.1
Unsorted: 457.4 670.8 668.1 423.9 426.6 678.1 634.7 663.1 425.2 604.6 612.9 678.2 632.7 654.1 597   652.1 657   646   142.3 692.1 446   674   686.9 684.4 733.3 651.5 717.6 718.1 707.3 289.3 
Sorted:   142.3 289.3 423.9 425.2 426.6 446   457.4 597   604.6 612.9 632.7 634.7 646   651.5 652.1 654.1 657   663.1 668.1 670.8 674   678.1 678.2 684.4 686.9 692.1 707.3 717.6 718.1 733.3 
 median: 653.1
Unsorted: 457.4 670.8 668.1 423.9 426.6 678.1 634.7 663.1 425.2 604.6 612.9 678.2 632.7 654.1 597   652.1 657   646   142.3 692.1 446   674   686.9 684.4 733.3 651.5 717.6 718.1 707.3 289.3 
Sorted:   142.3 289.3 423.9 425.2 426.6 446   457.4 597   604.6 612.9 632.7 634.7 646   651.5 652.1 654.1 657   663.1 668.1 670.8 674   678.1 678.2 684.4 686.9 692.1 707.3 717.6 718.1 733.3 
 median: 653.1
Unsorted: 457.4 670.8 668.1 423.9 426.6 678.1 634.7 663.1 425.2 604.6 612.9 678.2 632.7 654.1 597   652.1 657   646   142.3 692.1 446   674   686.9 684.4 733.3 651.5 717.6 718.1 707.3 289.3 708.8 
Sorted:   142.3 289.3 423.9 425.2 426.6 446   457.4 597   604.6 612.9 632.7 634.7 646   651.5 652.1 654.1 657   663.1 668.1 670.8 674   678.1 678.2 684.4 686.9 692.1 707.3 708.8 717.6 718.1 733.3 
 median: 654.1
Unsorted: 457.4 670.8 668.1 423.9 426.6 678.1 634.7 663.1 425.2 604.6 612.9 678.2 632.7 654.1 597   652.1 657   646   142.3 692.1 446   674   686.9 684.4 733.3 651.5 717.6 718.1 707.3 289.3 708.8 
Sorted:   142.3 289.3 423.9 425.2 426.6 446   457.4 597   604.6 612.9 632.7 634.7 646   651.5 652.1 654.1 657   663.1 668.1 670.8 674   678.1 678.2 684.4 686.9 692.1 707.3 708.8 717.6 718.1 733.3 
 median: 654.1
Unsorted: 457.4 670.8 668.1 423.9 426.6 678.1 634.7 663.1 425.2 604.6 612.9 678.2 632.7 654.1 597   652.1 657   646   142.3 692.1 446   674   686.9 684.4 733.3 651.5 717.6 718.1 707.3 289.3 708.8 
Sorted:   142.3 289.3 423.9 425.2 426.6 446   457.4 597   604.6 612.9 632.7 634.7 646   651.5 652.1 654.1 657   663.1 668.1 670.8 674   678.1 678.2 684.4 686.9 692.1 707.3 708.8 717.6 718.1 733.3 
 median: 654.1
Unsorted: 457.4 670.8 668.1 423.9 426.6 678.1 634.7 663.1 425.2 604.6 612.9 678.2 632.7 654.1 597   652.1 657   646   142.3 692.1 446   674   686.9 684.4 733.3 651.5 717.6 718.1 707.3 289.3 708.8 716.5 
Sorted:   142.3 289.3 423.9 425.2 426.6 446   457.4 597   604.6 612.9 632.7 634.7 646   651.5 652.1 654.1 657   663.1 668.1 670.8 674   678.1 678.2 684.4 686.9 692.1 707.3 708.8 716.5 717.6 718.1 733.3 
 median: 655.6
Unsorted: 457.4 670.8 668.1 423.9 426.6 678.1 634.7 663.1 425.2 604.6 612.9 678.2 632.7 654.1 597   652.1 657   646   142.3 692.1 446   674   686.9 684.4 733.3 651.5 717.6 718.1 707.3 289.3 708.8 716.5 519.7 
Sorted:   142.3 289.3 423.9 425.2 426.6 446   457.4 519.7 597   604.6 612.9 632.7 634.7 646   651.5 652.1 654.1 657   663.1 668.1 670.8 674   678.1 678.2 684.4 686.9 692.1 707.3 708.8 716.5 717.6 718.1 733.3 
 median: 654.1
Unsorted: 457.4 670.8 668.1 423.9 426.6 678.1 634.7 663.1 425.2 604.6 612.9 678.2 632.7 654.1 597   652.1 657   646   142.3 692.1 446   674   686.9 684.4 733.3 651.5 717.6 718.1 707.3 289.3 708.8 716.5 519.7 355.5 
Sorted:   142.3 289.3 355.5 423.9 425.2 426.6 446   457.4 519.7 597   604.6 612.9 632.7 634.7 646   651.5 652.1 654.1 657   663.1 668.1 670.8 674   678.1 678.2 684.4 686.9 692.1 707.3 708.8 716.5 717.6 718.1 733.3 
 median: 653.1
Unsorted: 457.4 670.8 668.1 423.9 426.6 678.1 634.7 663.1 425.2 604.6 612.9 678.2 632.7 654.1 597   652.1 657   646   142.3 692.1 446   674   686.9 684.4 733.3 651.5 717.6 718.1 707.3 289.3 708.8 716.5 519.7 355.5 
Sorted:   142.3 289.3 355.5 423.9 425.2 426.6 446   457.4 519.7 597   604.6 612.9 632.7 634.7 646   651.5 652.1 654.1 657   663.1 668.1 670.8 674   678.1 678.2 684.4 686.9 692.1 707.3 708.8 716.5 717.6 718.1 733.3 
 median: 653.1
Unsorted: 457.4 670.8 668.1 423.9 426.6 678.1 634.7 663.1 425.2 604.6 612.9 678.2 632.7 654.1 597   652.1 657   646   142.3 692.1 446   674   686.9 684.4 733.3 651.5 717.6 718.1 707.3 289.3 708.8 716.5 519.7 355.5 
Sorted:   142.3 289.3 355.5 423.9 425.2 426.6 446   457.4 519.7 597   604.6 612.9 632.7 634.7 646   651.5 652.1 654.1 657   663.1 668.1 670.8 674   678.1 678.2 684.4 686.9 692.1 707.3 708.8 716.5 717.6 718.1 733.3 
 median: 653.1
Unsorted: 457.4 670.8 668.1 423.9 426.6 678.1 634.7 663.1 425.2 604.6 612.9 678.2 632.7 654.1 597   652.1 657   646   142.3 692.1 446   674   686.9 684.4 733.3 651.5 717.6 718.1 707.3 289.3 708.8 716.5 519.7 355.5 
Sorted:   142.3 289.3 355.5 423.9 425.2 426.6 446   457.4 519.7 597   604.6 612.9 632.7 634.7 646   651.5 652.1 654.1 657   663.1 668.1 670.8 674   678.1 678.2 684.4 686.9 692.1 707.3 708.8 716.5 717.6 718.1 733.3 
 median: 653.1
Unsorted: 457.4 670.8 668.1 423.9 426.6 678.1 634.7 663.1 425.2 604.6 612.9 678.2 632.7 654.1 597   652.1 657   646   142.3 692.1 446   674   686.9 684.4 733.3 651.5 717.6 718.1 707.3 289.3 708.8 716.5 519.7 355.5 
Sorted:   142.3 289.3 355.5 423.9 425.2 426.6 446   457.4 519.7 597   604.6 612.9 632.7 634.7 646   651.5 652.1 654.1 657   663.1 668.1 670.8 674   678.1 678.2 684.4 686.9 692.1 707.3 708.8 716.5 717.6 718.1 733.3 
 median: 653.1
Unsorted: 457.4 670.8 668.1 423.9 426.6 678.1 634.7 663.1 425.2 604.6 612.9 678.2 632.7 654.1 597   652.1 657   646   142.3 692.1 446   674   686.9 684.4 733.3 651.5 717.6 718.1 707.3 289.3 708.8 716.5 519.7 355.5 
Sorted:   142.3 289.3 355.5 423.9 425.2 426.6 446   457.4 519.7 597   604.6 612.9 632.7 634.7 646   651.5 652.1 654.1 657   663.1 668.1 670.8 674   678.1 678.2 684.4 686.9 692.1 707.3 708.8 716.5 717.6 718.1 733.3 
 median: 653.1
Unsorted: 457.4 670.8 668.1 423.9 426.6 678.1 634.7 663.1 425.2 604.6 612.9 678.2 632.7 654.1 597   652.1 657   646   142.3 692.1 446   674   686.9 684.4 733.3 651.5 717.6 718.1 707.3 289.3 708.8 716.5 519.7 355.5 
Sorted:   142.3 289.3 355.5 423.9 425.2 426.6 446   457.4 519.7 597   604.6 612.9 632.7 634.7 646   651.5 652.1 654.1 657   663.1 668.1 670.8 674   678.1 678.2 684.4 686.9 692.1 707.3 708.8 716.5 717.6 718.1 733.3 
 median: 653.1
Unsorted: 457.4 670.8 668.1 423.9 426.6 678.1 634.7 663.1 425.2 604.6 612.9 678.2 632.7 654.1 597   652.1 657   646   142.3 692.1 446   674   686.9 684.4 733.3 651.5 717.6 718.1 707.3 289.3 708.8 716.5 519.7 355.5 
Sorted:   142.3 289.3 355.5 423.9 425.2 426.6 446   457.4 519.7 597   604.6 612.9 632.7 634.7 646   651.5 652.1 654.1 657   663.1 668.1 670.8 674   678.1 678.2 684.4 686.9 692.1 707.3 708.8 716.5 717.6 718.1 733.3 
 median: 653.1
Unsorted: 457.4 670.8 668.1 423.9 426.6 678.1 634.7 663.1 425.2 604.6 612.9 678.2 632.7 654.1 597   652.1 657   646   142.3 692.1 446   674   686.9 684.4 733.3 651.5 717.6 718.1 707.3 289.3 708.8 716.5 519.7 355.5 
Sorted:   142.3 289.3 355.5 423.9 425.2 426.6 446   457.4 519.7 597   604.6 612.9 632.7 634.7 646   651.5 652.1 654.1 657   663.1 668.1 670.8 674   678.1 678.2 684.4 686.9 692.1 707.3 708.8 716.5 717.6 718.1 733.3 
 median: 653.1
Unsorted: 457.4 670.8 668.1 423.9 426.6 678.1 634.7 663.1 425.2 604.6 612.9 678.2 632.7 654.1 597   652.1 657   646   142.3 692.1 446   674   686.9 684.4 733.3 651.5 717.6 718.1 707.3 289.3 708.8 716.5 519.7 355.5 
Sorted:   142.3 289.3 355.5 423.9 425.2 426.6 446   457.4 519.7 597   604.6 612.9 632.7 634.7 646   651.5 652.1 654.1 657   663.1 668.1 670.8 674   678.1 678.2 684.4 686.9 692.1 707.3 708.8 716.5 717.6 718.1 733.3 
 median: 653.1
Unsorted: 457.4 670.8 668.1 423.9 426.6 678.1 634.7 663.1 425.2 604.6 612.9 678.2 632.7 654.1 597   652.1 657   646   142.3 692.1 446   674   686.9 684.4 733.3 651.5 717.6 718.1 707.3 289.3 708.8 716.5 519.7 355.5 
Sorted:   142.3 289.3 355.5 423.9 425.2 426.6 446   457.4 519.7 597   604.6 612.9 632.7 634.7 646   651.5 652.1 654.1 657   663.1 668.1 670.8 674   678.1 678.2 684.4 686.9 692.1 707.3 708.8 716.5 717.6 718.1 733.3 
 median: 653.1
Unsorted: 457.4 670.8 668.1 423.9 426.6 678.1 634.7 663.1 425.2 604.6 612.9 678.2 632.7 654.1 597   652.1 657   646   142.3 692.1 446   674   686.9 684.4 733.3 651.5 717.6 718.1 707.3 289.3 708.8 716.5 519.7 355.5 
Sorted:   142.3 289.3 355.5 423.9 425.2 426.6 446   457.4 519.7 597   604.6 612.9 632.7 634.7 646   651.5 652.1 654.1 657   663.1 668.1 670.8 674   678.1 678.2 684.4 686.9 692.1 707.3 708.8 716.5 717.6 718.1 733.3 
 median: 653.1
Unsorted: 457.4 670.8 668.1 423.9 426.6 678.1 634.7 663.1 425.2 604.6 612.9 678.2 632.7 654.1 597   652.1 657   646   142.3 692.1 446   674   686.9 684.4 733.3 651.5 717.6 718.1 707.3 289.3 708.8 716.5 519.7 355.5 
Sorted:   142.3 289.3 355.5 423.9 425.2 426.6 446   457.4 519.7 597   604.6 612.9 632.7 634.7 646   651.5 652.1 654.1 657   663.1 668.1 670.8 674   678.1 678.2 684.4 686.9 692.1 707.3 708.8 716.5 717.6 718.1 733.3 
 median: 653.1
Unsorted: 457.4 670.8 668.1 423.9 426.6 678.1 634.7 663.1 425.2 604.6 612.9 678.2 632.7 654.1 597   652.1 657   646   142.3 692.1 446   674   686.9 684.4 733.3 651.5 717.6 718.1 707.3 289.3 708.8 716.5 519.7 355.5 
Sorted:   142.3 289.3 355.5 423.9 425.2 426.6 446   457.4 519.7 597   604.6 612.9 632.7 634.7 646   651.5 652.1 654.1 657   663.1 668.1 670.8 674   678.1 678.2 684.4 686.9 692.1 707.3 708.8 716.5 717.6 718.1 733.3 
 median: 653.1
Unsorted: 457.4 670.8 668.1 423.9 426.6 678.1 634.7 663.1 425.2 604.6 612.9 678.2 632.7 654.1 597   652.1 657   646   142.3 692.1 446   674   686.9 684.4 733.3 651.5 717.6 718.1 707.3 289.3 708.8 716.5 519.7 355.5 
Sorted:   142.3 289.3 355.5 423.9 425.2 426.6 446   457.4 519.7 597   604.6 612.9 632.7 634.7 646   651.5 652.1 654.1 657   663.1 668.1 670.8 674   678.1 678.2 684.4 686.9 692.1 707.3 708.8 716.5 717.6 718.1 733.3 
 median: 653.1
Unsorted: 457.4 670.8 668.1 423.9 426.6 678.1 634.7 663.1 425.2 604.6 612.9 678.2 632.7 654.1 597   652.1 657   646   142.3 692.1 446   674   686.9 684.4 733.3 651.5 717.6 718.1 707.3 289.3 708.8 716.5 519.7 355.5 
Sorted:   142.3 289.3 355.5 423.9 425.2 426.6 446   457.4 519.7 597   604.6 612.9 632.7 634.7 646   651.5 652.1 654.1 657   663.1 668.1 670.8 674   678.1 678.2 684.4 686.9 692.1 707.3 708.8 716.5 717.6 718.1 733.3 
 median: 653.1
Unsorted: 457.4 670.8 668.1 423.9 426.6 678.1 634.7 663.1 425.2 604.6 612.9 678.2 632.7 654.1 597   652.1 657   646   142.3 692.1 446   674   686.9 684.4 733.3 651.5 717.6 718.1 707.3 289.3 708.8 716.5 519.7 355.5 
Sorted:   142.3 289.3 355.5 423.9 425.2 426.6 446   457.4 519.7 597   604.6 612.9 632.7 634.7 646   651.5 652.1 654.1 657   663.1 668.1 670.8 674   678.1 678.2 684.4 686.9 692.1 707.3 708.8 716.5 717.6 718.1 733.3 
 median: 653.1
Unsorted: 457.4 670.8 668.1 423.9 426.6 678.1 634.7 663.1 425.2 604.6 612.9 678.2 632.7 654.1 597   652.1 657   646   142.3 692.1 446   674   686.9 684.4 733.3 651.5 717.6 718.1 707.3 289.3 708.8 716.5 519.7 355.5 
Sorted:   142.3 289.3 355.5 423.9 425.2 426.6 446   457.4 519.7 597   604.6 612.9 632.7 634.7 646   651.5 652.1 654.1 657   663.1 668.1 670.8 674   678.1 678.2 684.4 686.9 692.1 707.3 708.8 716.5 717.6 718.1 733.3 
 median: 653.1
Unsorted: 457.4 670.8 668.1 423.9 426.6 678.1 634.7 663.1 425.2 604.6 612.9 678.2 632.7 654.1 597   652.1 657   646   142.3 692.1 446   674   686.9 684.4 733.3 651.5 717.6 718.1 707.3 289.3 708.8 716.5 519.7 355.5 
Sorted:   142.3 289.3 355.5 423.9 425.2 426.6 446   457.4 519.7 597   604.6 612.9 632.7 634.7 646   651.5 652.1 654.1 657   663.1 668.1 670.8 674   678.1 678.2 684.4 686.9 692.1 707.3 708.8 716.5 717.6 718.1 733.3 
 median: 653.1
Unsorted: 457.4 670.8 668.1 423.9 426.6 678.1 634.7 663.1 425.2 604.6 612.9 678.2 632.7 654.1 597   652.1 657   646   142.3 692.1 446   674   686.9 684.4 733.3 651.5 717.6 718.1 707.3 289.3 708.8 716.5 519.7 355.5 
Sorted:   142.3 289.3 355.5 423.9 425.2 426.6 446   457.4 519.7 597   604.6 612.9 632.7 634.7 646   651.5 652.1 654.1 657   663.1 668.1 670.8 674   678.1 678.2 684.4 686.9 692.1 707.3 708.8 716.5 717.6 718.1 733.3 
 median: 653.1
Unsorted: 457.4 670.8 668.1 423.9 426.6 678.1 634.7 663.1 425.2 604.6 612.9 678.2 632.7 654.1 597   652.1 657   646   142.3 692.1 446   674   686.9 684.4 733.3 651.5 717.6 718.1 707.3 289.3 708.8 716.5 519.7 355.5 519.3 
Sorted:   142.3 289.3 355.5 423.9 425.2 426.6 446   457.4 519.3 519.7 597   604.6 612.9 632.7 634.7 646   651.5 652.1 654.1 657   663.1 668.1 670.8 674   678.1 678.2 684.4 686.9 692.1 707.3 708.8 716.5 717.6 718.1 733.3 
 median: 652.1
Unsorted: 457.4 670.8 668.1 423.9 426.6 678.1 634.7 663.1 425.2 604.6 612.9 678.2 632.7 654.1 597   652.1 657   646   142.3 692.1 446   674   686.9 684.4 733.3 651.5 717.6 718.1 707.3 289.3 708.8 716.5 519.7 355.5 519.3 
Sorted:   142.3 289.3 355.5 423.9 425.2 426.6 446   457.4 519.3 519.7 597   604.6 612.9 632.7 634.7 646   651.5 652.1 654.1 657   663.1 668.1 670.8 674   678.1 678.2 684.4 686.9 692.1 707.3 708.8 716.5 717.6 718.1 733.3 
 median: 652.1
Unsorted: 457.4 670.8 668.1 423.9 426.6 678.1 634.7 663.1 425.2 604.6 612.9 678.2 632.7 654.1 597   652.1 657   646   142.3 692.1 446   674   686.9 684.4 733.3 651.5 717.6 718.1 707.3 289.3 708.8 716.5 519.7 355.5 519.3 
Sorted:   142.3 289.3 355.5 423.9 425.2 426.6 446   457.4 519.3 519.7 597   604.6 612.9 632.7 634.7 646   651.5 652.1 654.1 657   663.1 668.1 670.8 674   678.1 678.2 684.4 686.9 692.1 707.3 708.8 716.5 717.6 718.1 733.3 
 median: 652.1
Unsorted: 457.4 670.8 668.1 423.9 426.6 678.1 634.7 663.1 425.2 604.6 612.9 678.2 632.7 654.1 597   652.1 657   646   142.3 692.1 446   674   686.9 684.4 733.3 651.5 717.6 718.1 707.3 289.3 708.8 716.5 519.7 355.5 519.3 577.6 
Sorted:   142.3 289.3 355.5 423.9 425.2 426.6 446   457.4 519.3 519.7 577.6 597   604.6 612.9 632.7 634.7 646   651.5 652.1 654.1 657   663.1 668.1 670.8 674   678.1 678.2 684.4 686.9 692.1 707.3 708.8 716.5 717.6 718.1 733.3 
 median: 651.8
Unsorted: 457.4 670.8 668.1 423.9 426.6 678.1 634.7 663.1 425.2 604.6 612.9 678.2 632.7 654.1 597   652.1 657   646   142.3 692.1 446   674   686.9 684.4 733.3 651.5 717.6 718.1 707.3 289.3 708.8 716.5 519.7 355.5 519.3 577.6 
Sorted:   142.3 289.3 355.5 423.9 425.2 426.6 446   457.4 519.3 519.7 577.6 597   604.6 612.9 632.7 634.7 646   651.5 652.1 654.1 657   663.1 668.1 670.8 674   678.1 678.2 684.4 686.9 692.1 707.3 708.8 716.5 717.6 718.1 733.3 
 median: 651.8
Unsorted: 457.4 670.8 668.1 423.9 426.6 678.1 634.7 663.1 425.2 604.6 612.9 678.2 632.7 654.1 597   652.1 657   646   142.3 692.1 446   674   686.9 684.4 733.3 651.5 717.6 718.1 707.3 289.3 708.8 716.5 519.7 355.5 519.3 577.6 
Sorted:   142.3 289.3 355.5 423.9 425.2 426.6 446   457.4 519.3 519.7 577.6 597   604.6 612.9 632.7 634.7 646   651.5 652.1 654.1 657   663.1 668.1 670.8 674   678.1 678.2 684.4 686.9 692.1 707.3 708.8 716.5 717.6 718.1 733.3 
 median: 651.8
Unsorted: 457.4 670.8 668.1 423.9 426.6 678.1 634.7 663.1 425.2 604.6 612.9 678.2 632.7 654.1 597   652.1 657   646   142.3 692.1 446   674   686.9 684.4 733.3 651.5 717.6 718.1 707.3 289.3 708.8 716.5 519.7 355.5 519.3 577.6 
Sorted:   142.3 289.3 355.5 423.9 425.2 426.6 446   457.4 519.3 519.7 577.6 597   604.6 612.9 632.7 634.7 646   651.5 652.1 654.1 657   663.1 668.1 670.8 674   678.1 678.2 684.4 686.9 692.1 707.3 708.8 716.5 717.6 718.1 733.3 
 median: 651.8
Unsorted: 457.4 670.8 668.1 423.9 426.6 678.1 634.7 663.1 425.2 604.6 612.9 678.2 632.7 654.1 597   652.1 657   646   142.3 692.1 446   674   686.9 684.4 733.3 651.5 717.6 718.1 707.3 289.3 708.8 716.5 519.7 355.5 519.3 577.6 
Sorted:   142.3 289.3 355.5 423.9 425.2 426.6 446   457.4 519.3 519.7 577.6 597   604.6 612.9 632.7 634.7 646   651.5 652.1 654.1 657   663.1 668.1 670.8 674   678.1 678.2 684.4 686.9 692.1 707.3 708.8 716.5 717.6 718.1 733.3 
 median: 651.8
Unsorted: 457.4 670.8 668.1 423.9 426.6 678.1 634.7 663.1 425.2 604.6 612.9 678.2 632.7 654.1 597   652.1 657   646   142.3 692.1 446   674   686.9 684.4 733.3 651.5 717.6 718.1 707.3 289.3 708.8 716.5 519.7 355.5 519.3 577.6 
Sorted:   142.3 289.3 355.5 423.9 425.2 426.6 446   457.4 519.3 519.7 577.6 597   604.6 612.9 632.7 634.7 646   651.5 652.1 654.1 657   663.1 668.1 670.8 674   678.1 678.2 684.4 686.9 692.1 707.3 708.8 716.5 717.6 718.1 733.3 
 median: 651.8
Unsorted: 457.4 670.8 668.1 423.9 426.6 678.1 634.7 663.1 425.2 604.6 612.9 678.2 632.7 654.1 597   652.1 657   646   142.3 692.1 446   674   686.9 684.4 733.3 651.5 717.6 718.1 707.3 289.3 708.8 716.5 519.7 355.5 519.3 577.6 
Sorted:   142.3 289.3 355.5 423.9 425.2 426.6 446   457.4 519.3 519.7 577.6 597   604.6 612.9 632.7 634.7 646   651.5 652.1 654.1 657   663.1 668.1 670.8 674   678.1 678.2 684.4 686.9 692.1 707.3 708.8 716.5 717.6 718.1 733.3 
 median: 651.8
Unsorted: 457.4 670.8 668.1 423.9 426.6 678.1 634.7 663.1 425.2 604.6 612.9 678.2 632.7 654.1 597   652.1 657   646   142.3 692.1 446   674   686.9 684.4 733.3 651.5 717.6 718.1 707.3 289.3 708.8 716.5 519.7 355.5 519.3 577.6 
Sorted:   142.3 289.3 355.5 423.9 425.2 426.6 446   457.4 519.3 519.7 577.6 597   604.6 612.9 632.7 634.7 646   651.5 652.1 654.1 657   663.1 668.1 670.8 674   678.1 678.2 684.4 686.9 692.1 707.3 708.8 716.5 717.6 718.1 733.3 
 median: 651.8
Unsorted: 457.4 670.8 668.1 423.9 426.6 678.1 634.7 663.1 425.2 604.6 612.9 678.2 632.7 654.1 597   652.1 657   646   142.3 692.1 446   674   686.9 684.4 733.3 651.5 717.6 718.1 707.3 289.3 708.8 716.5 519.7 355.5 519.3 577.6 
Sorted:   142.3 289.3 355.5 423.9 425.2 426.6 446   457.4 519.3 519.7 577.6 597   604.6 612.9 632.7 634.7 646   651.5 652.1 654.1 657   663.1 668.1 670.8 674   678.1 678.2 684.4 686.9 692.1 707.3 708.8 716.5 717.6 718.1 733.3 
 median: 651.8
Unsorted: 457.4 670.8 668.1 423.9 426.6 678.1 634.7 663.1 425.2 604.6 612.9 678.2 632.7 654.1 597   652.1 657   646   142.3 692.1 446   674   686.9 684.4 733.3 651.5 717.6 718.1 707.3 289.3 708.8 716.5 519.7 355.5 519.3 577.6 
Sorted:   142.3 289.3 355.5 423.9 425.2 426.6 446   457.4 519.3 519.7 577.6 597   604.6 612.9 632.7 634.7 646   651.5 652.1 654.1 657   663.1 668.1 670.8 674   678.1 678.2 684.4 686.9 692.1 707.3 708.8 716.5 717.6 718.1 733.3 
 median: 651.8
Unsorted: 457.4 670.8 668.1 423.9 426.6 678.1 634.7 663.1 425.2 604.6 612.9 678.2 632.7 654.1 597   652.1 657   646   142.3 692.1 446   674   686.9 684.4 733.3 651.5 717.6 718.1 707.3 289.3 708.8 716.5 519.7 355.5 519.3 577.6 
Sorted:   142.3 289.3 355.5 423.9 425.2 426.6 446   457.4 519.3 519.7 577.6 597   604.6 612.9 632.7 634.7 646   651.5 652.1 654.1 657   663.1 668.1 670.8 674   678.1 678.2 684.4 686.9 692.1 707.3 708.8 716.5 717.6 718.1 733.3 
 median: 651.8
Unsorted: 457.4 670.8 668.1 423.9 426.6 678.1 634.7 663.1 425.2 604.6 612.9 678.2 632.7 654.1 597   652.1 657   646   142.3 692.1 446   674   686.9 684.4 733.3 651.5 717.6 718.1 707.3 289.3 708.8 716.5 519.7 355.5 519.3 577.6 
Sorted:   142.3 289.3 355.5 423.9 425.2 426.6 446   457.4 519.3 519.7 577.6 597   604.6 612.9 632.7 634.7 646   651.5 652.1 654.1 657   663.1 668.1 670.8 674   678.1 678.2 684.4 686.9 692.1 707.3 708.8 716.5 717.6 718.1 733.3 
 median: 651.8
Unsorted: 457.4 670.8 668.1 423.9 426.6 678.1 634.7 663.1 425.2 604.6 612.9 678.2 632.7 654.1 597   652.1 657   646   142.3 692.1 446   674   686.9 684.4 733.3 651.5 717.6 718.1 707.3 289.3 708.8 716.5 519.7 355.5 519.3 577.6 
Sorted:   142.3 289.3 355.5 423.9 425.2 426.6 446   457.4 519.3 519.7 577.6 597   604.6 612.9 632.7 634.7 646   651.5 652.1 654.1 657   663.1 668.1 670.8 674   678.1 678.2 684.4 686.9 692.1 707.3 708.8 716.5 717.6 718.1 733.3 
 median: 651.8
Unsorted: 457.4 670.8 668.1 423.9 426.6 678.1 634.7 663.1 425.2 604.6 612.9 678.2 632.7 654.1 597   652.1 657   646   142.3 692.1 446   674   686.9 684.4 733.3 651.5 717.6 718.1 707.3 289.3 708.8 716.5 519.7 355.5 519.3 577.6 
Sorted:   142.3 289.3 355.5 423.9 425.2 426.6 446   457.4 519.3 519.7 577.6 597   604.6 612.9 632.7 634.7 646   651.5 652.1 654.1 657   663.1 668.1 670.8 674   678.1 678.2 684.4 686.9 692.1 707.3 708.8 716.5 717.6 718.1 733.3 
 median: 651.8
Unsorted: 457.4 670.8 668.1 423.9 426.6 678.1 634.7 663.1 425.2 604.6 612.9 678.2 632.7 654.1 597   652.1 657   646   142.3 692.1 446   674   686.9 684.4 733.3 651.5 717.6 718.1 707.3 289.3 708.8 716.5 519.7 355.5 519.3 577.6 
Sorted:   142.3 289.3 355.5 423.9 425.2 426.6 446   457.4 519.3 519.7 577.6 597   604.6 612.9 632.7 634.7 646   651.5 652.1 654.1 657   663.1 668.1 670.8 674   678.1 678.2 684.4 686.9 692.1 707.3 708.8 716.5 717.6 718.1 733.3 
 median: 651.8
Unsorted: 457.4 670.8 668.1 423.9 426.6 678.1 634.7 663.1 425.2 604.6 612.9 678.2 632.7 654.1 597   652.1 657   646   142.3 692.1 446   674   686.9 684.4 733.3 651.5 717.6 718.1 707.3 289.3 708.8 716.5 519.7 355.5 519.3 577.6 
Sorted:   142.3 289.3 355.5 423.9 425.2 426.6 446   457.4 519.3 519.7 577.6 597   604.6 612.9 632.7 634.7 646   651.5 652.1 654.1 657   663.1 668.1 670.8 674   678.1 678.2 684.4 686.9 692.1 707.3 708.8 716.5 717.6 718.1 733.3 
 median: 651.8
Unsorted: 457.4 670.8 668.1 423.9 426.6 678.1 634.7 663.1 425.2 604.6 612.9 678.2 632.7 654.1 597   652.1 657   646   142.3 692.1 446   674   686.9 684.4 733.3 651.5 717.6 718.1 707.3 289.3 708.8 716.5 519.7 355.5 519.3 577.6 
Sorted:   142.3 289.3 355.5 423.9 425.2 426.6 446   457.4 519.3 519.7 577.6 597   604.6 612.9 632.7 634.7 646   651.5 652.1 654.1 657   663.1 668.1 670.8 674   678.1 678.2 684.4 686.9 692.1 707.3 708.8 716.5 717.6 718.1 733.3 
 median: 651.8
Unsorted: 457.4 670.8 668.1 423.9 426.6 678.1 634.7 663.1 425.2 604.6 612.9 678.2 632.7 654.1 597   652.1 657   646   142.3 692.1 446   674   686.9 684.4 733.3 651.5 717.6 718.1 707.3 289.3 708.8 716.5 519.7 355.5 519.3 577.6 
Sorted:   142.3 289.3 355.5 423.9 425.2 426.6 446   457.4 519.3 519.7 577.6 597   604.6 612.9 632.7 634.7 646   651.5 652.1 654.1 657   663.1 668.1 670.8 674   678.1 678.2 684.4 686.9 692.1 707.3 708.8 716.5 717.6 718.1 733.3 
 median: 651.8
Unsorted: 457.4 670.8 668.1 423.9 426.6 678.1 634.7 663.1 425.2 604.6 612.9 678.2 632.7 654.1 597   652.1 657   646   142.3 692.1 446   674   686.9 684.4 733.3 651.5 717.6 718.1 707.3 289.3 708.8 716.5 519.7 355.5 519.3 577.6 
Sorted:   142.3 289.3 355.5 423.9 425.2 426.6 446   457.4 519.3 519.7 577.6 597   604.6 612.9 632.7 634.7 646   651.5 652.1 654.1 657   663.1 668.1 670.8 674   678.1 678.2 684.4 686.9 692.1 707.3 708.8 716.5 717.6 718.1 733.3 
 median: 651.8
Unsorted: 457.4 670.8 668.1 423.9 426.6 678.1 634.7 663.1 425.2 604.6 612.9 678.2 632.7 654.1 597   652.1 657   646   142.3 692.1 446   674   686.9 684.4 733.3 651.5 717.6 718.1 707.3 289.3 708.8 716.5 519.7 355.5 519.3 577.6 96.29 
Sorted:   96.29 142.3 289.3 355.5 423.9 425.2 426.6 446   457.4 519.3 519.7 577.6 597   604.6 612.9 632.7 634.7 646   651.5 652.1 654.1 657   663.1 668.1 670.8 674   678.1 678.2 684.4 686.9 692.1 707.3 708.8 716.5 717.6 718.1 733.3 
 median: 651.5
