
Beginning joint data output...


Time           JOINT_HEAD                         JOINT_SHOULDER_LEFT                JOINT_SHOULDER_RIGHT               JOINT_HAND_LEFT                    JOINT_HAND_RIGHT                   JOINT_SPINE_MID                    JOINT_CENTER_MASS                  
1              0    , 0    , 0                    0    , 0    , 0                    0    , 0    , 0                    0    , 0    , 0                    0    , 0    , 0                    0    , 0    , 0                    0    , 0    , 0                    
2              0    , 0    , 0                    0    , 0    , 0                    0    , 0    , 0                    0    , 0    , 0                    0    , 0    , 0                    0    , 0    , 0                    0    , 0    , 0                    
3              0    , 0    , 0                    0    , 0    , 0                    0    , 0    , 0                    0    , 0    , 0                    0    , 0    , 0                    0    , 0    , 0                    0    , 0    , 0                    
4              0    , 0    , 0                    0    , 0    , 0                    0    , 0    , 0                    0    , 0    , 0                    0    , 0    , 0                    0    , 0    , 0                    0    , 0    , 0                    
5              0    , 0    , 0                    0    , 0    , 0                    0    , 0    , 0                    0    , 0    , 0                    0    , 0    , 0                    0    , 0    , 0                    0    , 0    , 0                    
6              65   , 74   , 1762                 57   , 100  , 1880                 100  , 102  , 2021                 18   , 205  , 1651                 177  , 142  , 2027                 73   , 156  , 1817                 58   , 1.29e+05, 1.898             
7              65   , 74   , 1762                 61   , 120  , 1831                 107  , 92   , 1959                 6    , 193  , 1651                 197  , 128  , 2068                 79   , 154  , 1800                 63   , 1.24e+05, 1.888             
8              89   , 51   , 1808                 69   , 92   , 1822                 125  , 92   , 1986                 0    , 185  , 1715                 197  , 128  , 2068                 95   , 144  , 1827                 63   , 1.24e+05, 1.942             
9              89   , 51   , 1808                 73   , 88   , 1827                 129  , 88   , 2008                 0    , 180  , 1728                 209  , 124  , 2124                 107  , 146  , 1860                 81   , 1.02e+05, 1.903             
10             89   , 51   , 1808                 99   , 108  , 1822                 151  , 90   , 1936                 5    , 182  , 1767                 205  , 102  , 2074                 126  , 156  , 1780                 81   , 1.02e+05, 2.001             
11             112  , 61   , 1758                 103  , 112  , 1827                 159  , 100  , 1959                 5    , 182  , 1767                 235  , 106  , 2114                 136  , 162  , 1780                 99   , 1.06e+05, 1.935             
12             0    , 0    , 0                    0    , 0    , 0                    0    , 0    , 0                    0    , 0    , 0                    0    , 0    , 0                    0    , 0    , 0                    0    , 0    , 0                    
13             112  , 61   , 1758                 127  , 96   , 1911                 182  , 92   , 1911                 44   , 191  , 1948                 238  , 114  , 1943                 154  , 154  , 1803                 116  , 1.24e+05, 2.027             
14             112  , 61   , 1758                 131  , 94   , 1936                 182  , 94   , 1926                 54   , 193  , 2074                 238  , 114  , 1943                 156  , 156  , 1803                 116  , 1.24e+05, 1.953             
15             138  , 63   , 1767                 131  , 100  , 1953                 186  , 100  , 1926                 56   , 187  , 2061                 259  , 128  , 1817                 160  , 160  , 1793                 130  , 1.15e+05, 1.973             
16             138  , 63   , 1767                 133  , 108  , 1889                 188  , 102  , 1895                 56   , 187  , 2061                 259  , 128  , 1817                 162  , 160  , 1817                 130  , 1.15e+05, 1.972             
17             138  , 63   , 1767                 133  , 116  , 1869                 188  , 102  , 1895                 56   , 187  , 2061                 267  , 124  , 1846                 162  , 160  , 1808                 139  , 1.11e+05, 1.993             
18             138  , 63   , 1767                 135  , 112  , 1885                 186  , 86   , 1943                 54   , 183  , 2124                 267  , 124  , 1846                 164  , 156  , 1758                 139  , 1.11e+05, 1.993             
19             138  , 63   , 1767                 135  , 108  , 1902                 188  , 102  , 1953                 52   , 176  , 1998                 267  , 124  , 1846                 160  , 158  , 1789                 143  , 1.11e+05, 1.959             
20             138  , 63   , 1767                 135  , 110  , 1880                 186  , 104  , 1948                 52   , 176  , 1998                 267  , 124  , 1846                 160  , 162  , 1803                 143  , 1.11e+05, 1.983             
21             138  , 63   , 1767                 131  , 100  , 1969                 187  , 100  , 1959                 52   , 176  , 1998                 267  , 124  , 1846                 160  , 160  , 1771                 143  , 1.11e+05, 2.001             
22             138  , 63   , 1767                 135  , 110  , 1880                 186  , 104  , 1915                 52   , 176  , 1998                 267  , 124  , 1846                 162  , 160  , 1793                 143  , 1.11e+05, 1.973             
23             138  , 63   , 1767                 135  , 110  , 1906                 186  , 100  , 1943                 52   , 176  , 1998                 267  , 124  , 1846                 160  , 160  , 1754                 143  , 1.11e+05, 1.941             
24             138  , 63   , 1767                 133  , 108  , 1885                 189  , 100  , 1975                 52   , 176  , 1998                 267  , 124  , 1846                 160  , 160  , 1780                 143  , 1.11e+05, 1.982             
25             138  , 63   , 1767                 134  , 116  , 1865                 186  , 120  , 1926                 52   , 176  , 1998                 267  , 124  , 1846                 160  , 166  , 1771                 143  , 1.11e+05, 1.953             
26             138  , 63   , 1767                 133  , 114  , 1880                 188  , 104  , 1921                 52   , 176  , 1998                 267  , 124  , 1846                 160  , 162  , 1745                 143  , 1.11e+05, 2.005             
27             138  , 63   , 1767                 133  , 108  , 1895                 184  , 112  , 1885                 52   , 176  , 1998                 267  , 124  , 1846                 158  , 164  , 1767                 143  , 1.11e+05, 1.964             
28             138  , 63   , 1767                 133  , 110  , 1885                 186  , 94   , 1943                 52   , 176  , 1998                 275  , 144  , 1807                 162  , 158  , 1767                 143  , 1.11e+05, 1.952             
29             138  , 63   , 1767                 129  , 112  , 1936                 187  , 124  , 1969                 52   , 176  , 1998                 275  , 144  , 1807                 157  , 166  , 1728                 143  , 1.11e+05, 1.958             
30             138  , 63   , 1767                 129  , 100  , 1969                 186  , 100  , 1936                 52   , 176  , 1998                 265  , 144  , 1779                 158  , 158  , 1775                 143  , 1.11e+05, 1.951             
31             138  , 63   , 1767                 131  , 100  , 1981                 187  , 122  , 1964                 54   , 189  , 2123                 265  , 144  , 1779                 158  , 162  , 1793                 143  , 1.11e+05, 1.944             
32             138  , 63   , 1767                 129  , 102  , 1932                 186  , 102  , 1932                 48   , 182  , 1936                 265  , 144  , 1779                 158  , 162  , 1742                 143  , 1.11e+05, 1.993             
33             138  , 63   , 1767                 129  , 100  , 2004                 187  , 100  , 1964                 49   , 183  , 1915                 265  , 144  , 1779                 158  , 160  , 1785                 143  , 1.11e+05, 1.945             
34             138  , 63   , 1767                 127  , 114  , 1926                 188  , 118  , 1926                 49   , 183  , 1915                 265  , 144  , 1779                 158  , 168  , 1775                 143  , 1.11e+05, 1.942             
35             138  , 63   , 1767                 127  , 100  , 1992                 187  , 100  , 1969                 54   , 185  , 2106                 265  , 144  , 1779                 156  , 162  , 1808                 139  , 1.11e+05, 1.976             
36             138  , 63   , 1767                 129  , 104  , 1911                 189  , 100  , 1969                 54   , 185  , 2106                 265  , 144  , 1779                 158  , 160  , 1808                 139  , 1.11e+05, 1.969             
37             138  , 63   , 1767                 127  , 100  , 1975                 185  , 100  , 1964                 48   , 183  , 1921                 265  , 144  , 1779                 156  , 160  , 1789                 139  , 1.11e+05, 1.962             
38             138  , 63   , 1767                 129  , 104  , 1953                 186  , 98   , 1948                 48   , 183  , 1921                 265  , 144  , 1779                 158  , 160  , 1789                 139  , 1.11e+05, 1.95              
39             138  , 63   , 1767                 127  , 100  , 1959                 185  , 100  , 1992                 48   , 183  , 1921                 265  , 144  , 1779                 156  , 160  , 1800                 139  , 1.11e+05, 1.977             
40             138  , 63   , 1767                 129  , 112  , 1906                 186  , 102  , 1943                 48   , 183  , 1921                 265  , 144  , 1779                 156  , 160  , 1822                 139  , 1.11e+05, 1.961             
41             138  , 63   , 1767                 127  , 102  , 1969                 184  , 102  , 1943                 49   , 187  , 1746                 265  , 144  , 1779                 158  , 162  , 1775                 139  , 1.11e+05, 1.971             
42             138  , 63   , 1767                 129  , 104  , 1926                 188  , 104  , 1948                 49   , 187  , 1746                 265  , 144  , 1779                 156  , 162  , 1817                 139  , 1.11e+05, 1.953             
43             138  , 63   , 1767                 129  , 100  , 1921                 186  , 100  , 1936                 49   , 187  , 1746                 265  , 144  , 1779                 158  , 160  , 1808                 139  , 1.11e+05, 1.994             
44             138  , 63   , 1767                 129  , 100  , 1953                 186  , 100  , 1948                 49   , 187  , 1746                 265  , 144  , 1779                 158  , 160  , 1758                 139  , 1.11e+05, 1.941             
45             138  , 63   , 1767                 129  , 112  , 1932                 184  , 112  , 1902                 39   , 176  , 1855                 265  , 144  , 1779                 156  , 166  , 1771                 139  , 1.11e+05, 1.925             
46             138  , 63   , 1767                 129  , 104  , 1915                 186  , 104  , 1953                 39   , 176  , 1855                 265  , 144  , 1779                 158  , 162  , 1775                 139  , 1.11e+05, 1.968             
47             138  , 63   , 1767                 129  , 100  , 1926                 188  , 100  , 1959                 39   , 176  , 1855                 265  , 144  , 1779                 158  , 160  , 1754                 153  , 1.15e+05, 1.911             
48             138  , 63   , 1767                 129  , 104  , 1932                 189  , 100  , 1992                 39   , 176  , 1855                 265  , 144  , 1779                 158  , 160  , 1780                 153  , 1.15e+05, 1.897             
49             138  , 63   , 1767                 129  , 100  , 1986                 184  , 100  , 1948                 39   , 176  , 1855                 265  , 144  , 1779                 158  , 160  , 1771                 153  , 1.15e+05, 1.936             
50             138  , 63   , 1767                 129  , 100  , 1926                 187  , 100  , 1959                 39   , 176  , 1855                 265  , 144  , 1779                 158  , 160  , 1767                 153  , 1.15e+05, 1.889             
51             138  , 63   , 1767                 129  , 102  , 1953                 184  , 102  , 1948                 39   , 176  , 1855                 265  , 144  , 1779                 160  , 160  , 1762                 153  , 1.15e+05, 1.907             
52             138  , 63   , 1767                 131  , 104  , 1906                 187  , 100  , 2008                 39   , 176  , 1855                 265  , 144  , 1779                 160  , 160  , 1771                 153  , 1.15e+05, 1.891             
53             138  , 63   , 1767                 129  , 102  , 1932                 187  , 102  , 1959                 39   , 176  , 1855                 265  , 144  , 1779                 158  , 160  , 1754                 153  , 1.15e+05, 1.926             
54             138  , 63   , 1767                 127  , 102  , 1932                 185  , 102  , 1986                 39   , 176  , 1855                 265  , 144  , 1779                 158  , 162  , 1767                 153  , 1.15e+05, 1.885             
55             138  , 63   , 1767                 127  , 108  , 1926                 184  , 102  , 1932                 39   , 176  , 1855                 265  , 144  , 1779                 158  , 160  , 1780                 153  , 1.15e+05, 1.93              
56             138  , 63   , 1767                 129  , 102  , 1943                 185  , 102  , 1969                 39   , 176  , 1855                 265  , 144  , 1779                 158  , 160  , 1754                 153  , 1.15e+05, 1.934             
57             138  , 63   , 1767                 129  , 102  , 1948                 186  , 102  , 1953                 39   , 176  , 1855                 265  , 144  , 1779                 158  , 160  , 1762                 153  , 1.15e+05, 1.88              
58             138  , 63   , 1767                 129  , 104  , 1932                 182  , 104  , 1943                 39   , 176  , 1855                 265  , 144  , 1779                 158  , 160  , 1775                 153  , 1.15e+05, 1.887             
59             138  , 63   , 1767                 130  , 114  , 1855                 187  , 102  , 1969                 39   , 176  , 1855                 265  , 144  , 1779                 160  , 162  , 1780                 153  , 1.15e+05, 1.927             
60             138  , 63   , 1767                 129  , 102  , 1915                 184  , 102  , 1943                 39   , 176  , 1855                 265  , 144  , 1779                 158  , 160  , 1767                 153  , 1.15e+05, 1.906             
61             138  , 63   , 1767                 129  , 100  , 1975                 189  , 100  , 1998                 39   , 176  , 1855                 265  , 144  , 1779                 158  , 160  , 1793                 153  , 1.15e+05, 1.91              
62             138  , 63   , 1767                 129  , 102  , 1943                 187  , 102  , 1975                 39   , 176  , 1855                 265  , 144  , 1779                 156  , 160  , 1800                 153  , 1.15e+05, 1.916             
63             0    , 0    , 0                    0    , 0    , 0                    0    , 0    , 0                    0    , 0    , 0                    0    , 0    , 0                    0    , 0    , 0                    0    , 0    , 0                    
64             138  , 63   , 1767                 130  , 110  , 1855                 184  , 102  , 1953                 39   , 176  , 1855                 265  , 144  , 1779                 158  , 162  , 1758                 153  , 1.15e+05, 1.934             
65             0    , 0    , 0                    0    , 0    , 0                    0    , 0    , 0                    0    , 0    , 0                    0    , 0    , 0                    0    , 0    , 0                    0    , 0    , 0                    
66             138  , 63   , 1767                 129  , 104  , 1915                 186  , 104  , 1948                 39   , 176  , 1855                 265  , 144  , 1779                 158  , 162  , 1800                 153  , 1.15e+05, 1.89              
67             138  , 63   , 1767                 129  , 96   , 1921                 183  , 94   , 1959                 39   , 176  , 1855                 222  , 130  , 1969                 158  , 158  , 1771                 153  , 1.15e+05, 1.906             
68             0    , 0    , 0                    0    , 0    , 0                    0    , 0    , 0                    0    , 0    , 0                    0    , 0    , 0                    0    , 0    , 0                    0    , 0    , 0                    
69             138  , 63   , 1767                 127  , 100  , 1948                 184  , 100  , 1953                 48   , 185  , 1722                 273  , 152  , 1773                 158  , 160  , 1771                 153  , 1.15e+05, 1.928             
70             138  , 63   , 1767                 129  , 100  , 1932                 185  , 100  , 1998                 35   , 182  , 1780                 273  , 152  , 1773                 158  , 160  , 1762                 153  , 1.15e+05, 1.941             
71             138  , 63   , 1767                 129  , 112  , 1880                 185  , 102  , 1959                 35   , 182  , 1780                 273  , 152  , 1773                 158  , 162  , 1754                 153  , 1.15e+05, 1.915             
72             138  , 63   , 1767                 127  , 100  , 1975                 186  , 100  , 1953                 35   , 182  , 1780                 273  , 152  , 1773                 158  , 160  , 1793                 153  , 1.15e+05, 1.939             
73             138  , 63   , 1767                 129  , 116  , 1889                 187  , 104  , 1981                 35   , 182  , 1780                 273  , 152  , 1773                 158  , 162  , 1771                 153  , 1.15e+05, 1.893             
74             138  , 63   , 1767                 129  , 100  , 1926                 187  , 100  , 1998                 35   , 182  , 1780                 273  , 152  , 1773                 158  , 160  , 1767                 153  , 1.15e+05, 1.908             
75             138  , 63   , 1767                 127  , 98   , 1981                 187  , 98   , 1975                 35   , 182  , 1780                 273  , 152  , 1773                 156  , 158  , 1762                 153  , 1.15e+05, 1.882             
76             138  , 63   , 1767                 129  , 102  , 1926                 187  , 102  , 1959                 35   , 182  , 1780                 273  , 152  , 1773                 158  , 160  , 1762                 153  , 1.15e+05, 1.916             
77             138  , 63   , 1767                 129  , 104  , 1932                 184  , 102  , 1953                 35   , 182  , 1780                 273  , 152  , 1773                 158  , 162  , 1771                 153  , 1.15e+05, 1.953             
78             138  , 63   , 1767                 129  , 102  , 1953                 186  , 102  , 1953                 35   , 182  , 1780                 273  , 152  , 1773                 158  , 160  , 1793                 153  , 1.15e+05, 1.897             
79             0    , 0    , 0                    0    , 0    , 0                    0    , 0    , 0                    0    , 0    , 0                    0    , 0    , 0                    0    , 0    , 0                    0    , 0    , 0                    
80             138  , 63   , 1767                 127  , 100  , 1981                 185  , 100  , 1969                 35   , 182  , 1780                 273  , 152  , 1773                 156  , 160  , 1762                 153  , 1.15e+05, 1.916             
81             138  , 63   , 1767                 129  , 102  , 1906                 186  , 102  , 1953                 35   , 182  , 1780                 273  , 152  , 1773                 158  , 162  , 1767                 153  , 1.15e+05, 1.901             
82             0    , 0    , 0                    0    , 0    , 0                    0    , 0    , 0                    0    , 0    , 0                    0    , 0    , 0                    0    , 0    , 0                    0    , 0    , 0                    
83             138  , 63   , 1767                 127  , 116  , 1902                 183  , 100  , 1975                 35   , 182  , 1780                 273  , 152  , 1773                 156  , 160  , 1767                 153  , 1.15e+05, 1.902             
84             138  , 63   , 1767                 129  , 100  , 1959                 183  , 100  , 1964                 35   , 182  , 1780                 273  , 152  , 1773                 158  , 160  , 1762                 153  , 1.15e+05, 1.911             
85             138  , 63   , 1767                 129  , 102  , 1969                 184  , 102  , 1953                 35   , 182  , 1780                 273  , 152  , 1773                 158  , 160  , 1758                 153  , 1.15e+05, 1.886             
86             138  , 63   , 1767                 127  , 104  , 1915                 183  , 104  , 1953                 35   , 182  , 1780                 273  , 152  , 1773                 156  , 162  , 1771                 153  , 1.15e+05, 1.915             
87             138  , 63   , 1767                 129  , 102  , 1926                 185  , 102  , 1964                 35   , 182  , 1780                 273  , 152  , 1773                 158  , 162  , 1771                 153  , 1.15e+05, 1.91              
88             138  , 63   , 1767                 127  , 114  , 1869                 187  , 100  , 1992                 35   , 182  , 1780                 273  , 152  , 1773                 158  , 160  , 1771                 153  , 1.15e+05, 1.899             
89             138  , 63   , 1767                 127  , 100  , 1948                 185  , 100  , 1998                 35   , 182  , 1780                 273  , 152  , 1773                 158  , 160  , 1775                 153  , 1.15e+05, 1.887             
90             138  , 63   , 1767                 127  , 118  , 1915                 185  , 102  , 1969                 35   , 182  , 1780                 273  , 152  , 1773                 158  , 160  , 1754                 153  , 1.15e+05, 1.913             
91             138  , 63   , 1767                 127  , 98   , 1936                 185  , 98   , 1998                 35   , 182  , 1780                 273  , 152  , 1773                 158  , 160  , 1748                 153  , 1.15e+05, 1.917             
92             138  , 63   , 1767                 127  , 102  , 1943                 183  , 102  , 1992                 35   , 182  , 1780                 273  , 152  , 1773                 156  , 160  , 1771                 153  , 1.15e+05, 1.892             
93             138  , 63   , 1767                 127  , 102  , 1948                 185  , 102  , 1998                 35   , 182  , 1780                 273  , 152  , 1773                 158  , 162  , 1758                 153  , 1.15e+05, 1.914             
94             138  , 63   , 1767                 129  , 106  , 1906                 185  , 102  , 1975                 35   , 182  , 1780                 273  , 152  , 1773                 158  , 162  , 1800                 153  , 1.15e+05, 1.914             
95             138  , 63   , 1767                 129  , 102  , 1926                 185  , 102  , 1975                 35   , 182  , 1780                 273  , 152  , 1773                 158  , 162  , 1748                 153  , 1.15e+05, 1.913             
96             138  , 63   , 1767                 129  , 106  , 1906                 185  , 102  , 1964                 35   , 182  , 1780                 273  , 152  , 1773                 158  , 160  , 1780                 153  , 1.15e+05, 1.921             
97             138  , 63   , 1767                 129  , 102  , 1953                 183  , 102  , 1964                 35   , 182  , 1780                 273  , 152  , 1773                 158  , 162  , 1789                 153  , 1.15e+05, 1.947             
98             138  , 63   , 1767                 129  , 104  , 1895                 185  , 104  , 1975                 35   , 182  , 1780                 273  , 152  , 1773                 156  , 160  , 1780                 153  , 1.15e+05, 1.895             
99             138  , 63   , 1767                 129  , 102  , 1959                 183  , 102  , 1981                 35   , 182  , 1780                 273  , 152  , 1773                 158  , 162  , 1762                 153  , 1.15e+05, 1.891             
100            138  , 63   , 1767                 129  , 100  , 1948                 185  , 100  , 1986                 35   , 182  , 1780                 273  , 152  , 1773                 158  , 162  , 1754                 153  , 1.15e+05, 1.93              
101            138  , 63   , 1767                 129  , 114  , 1860                 185  , 108  , 1986                 35   , 182  , 1780                 273  , 152  , 1773                 158  , 164  , 1775                 153  , 1.15e+05, 1.952             
102            138  , 63   , 1767                 129  , 102  , 1959                 181  , 102  , 1981                 35   , 182  , 1780                 231  , 134  , 2116                 158  , 162  , 1771                 153  , 1.15e+05, 1.9               
103            138  , 63   , 1767                 131  , 106  , 1880                 185  , 102  , 1975                 35   , 182  , 1780                 277  , 152  , 1851                 158  , 160  , 1808                 153  , 1.15e+05, 1.955             
104            138  , 63   , 1767                 129  , 102  , 1932                 185  , 102  , 1964                 35   , 182  , 1780                 277  , 152  , 1851                 158  , 162  , 1758                 153  , 1.15e+05, 1.929             
105            138  , 63   , 1767                 129  , 102  , 1943                 185  , 102  , 1975                 35   , 182  , 1780                 277  , 152  , 1851                 158  , 160  , 1785                 153  , 1.15e+05, 1.914             
106            138  , 63   , 1767                 129  , 104  , 1936                 185  , 104  , 1992                 35   , 182  , 1780                 277  , 152  , 1851                 158  , 162  , 1767                 153  , 1.15e+05, 1.905             
107            138  , 63   , 1767                 129  , 114  , 1875                 186  , 114  , 1953                 35   , 182  , 1780                 277  , 152  , 1851                 158  , 168  , 1758                 153  , 1.15e+05, 1.949             
108            138  , 63   , 1767                 129  , 102  , 1964                 185  , 102  , 1975                 35   , 182  , 1780                 277  , 152  , 1851                 158  , 160  , 1771                 153  , 1.15e+05, 1.883             
109            138  , 63   , 1767                 129  , 102  , 1959                 185  , 102  , 1969                 35   , 182  , 1780                 277  , 152  , 1851                 158  , 162  , 1762                 153  , 1.15e+05, 1.929             
110            138  , 63   , 1767                 129  , 102  , 1936                 185  , 102  , 2021                 35   , 182  , 1780                 277  , 152  , 1851                 158  , 160  , 1771                 153  , 1.15e+05, 1.9               
111            138  , 63   , 1767                 129  , 102  , 1936                 183  , 102  , 1992                 35   , 182  , 1780                 277  , 152  , 1851                 158  , 160  , 1762                 153  , 1.15e+05, 1.914             
112            138  , 63   , 1767                 129  , 102  , 1943                 187  , 102  , 1992                 35   , 182  , 1780                 277  , 152  , 1851                 158  , 160  , 1800                 153  , 1.15e+05, 1.907             
113            138  , 63   , 1767                 129  , 116  , 1865                 185  , 100  , 1964                 35   , 182  , 1780                 277  , 152  , 1851                 158  , 160  , 1785                 153  , 1.15e+05, 1.926             
114            138  , 63   , 1767                 129  , 116  , 1889                 185  , 100  , 1969                 35   , 182  , 1780                 277  , 152  , 1851                 158  , 160  , 1762                 153  , 1.15e+05, 1.903             
115            138  , 63   , 1767                 131  , 100  , 1926                 185  , 100  , 1998                 35   , 182  , 1780                 277  , 152  , 1851                 158  , 160  , 1762                 153  , 1.15e+05, 1.9               
116            138  , 63   , 1767                 127  , 100  , 1953                 185  , 100  , 1986                 35   , 182  , 1780                 277  , 152  , 1851                 158  , 160  , 1758                 153  , 1.15e+05, 1.92              
117            138  , 63   , 1767                 129  , 114  , 1880                 185  , 104  , 1981                 35   , 182  , 1780                 277  , 152  , 1851                 158  , 160  , 1758                 153  , 1.15e+05, 1.933             
118            138  , 63   , 1767                 129  , 112  , 1875                 187  , 102  , 1986                 35   , 182  , 1780                 277  , 152  , 1851                 158  , 162  , 1748                 153  , 1.15e+05, 1.913             
119            138  , 63   , 1767                 129  , 104  , 1885                 184  , 100  , 1953                 35   , 182  , 1780                 277  , 152  , 1851                 158  , 158  , 1762                 153  , 1.15e+05, 1.905             
120            138  , 63   , 1767                 131  , 104  , 1921                 187  , 102  , 1975                 35   , 182  , 1780                 277  , 152  , 1851                 158  , 162  , 1754                 153  , 1.15e+05, 1.935             
121            138  , 63   , 1767                 129  , 110  , 1889                 187  , 102  , 2014                 35   , 182  , 1780                 277  , 152  , 1851                 158  , 160  , 1789                 153  , 1.15e+05, 1.919             
122            138  , 63   , 1767                 129  , 114  , 1889                 187  , 102  , 1964                 35   , 182  , 1780                 277  , 152  , 1851                 158  , 162  , 1771                 153  , 1.15e+05, 1.921             
123            138  , 63   , 1767                 129  , 110  , 1911                 185  , 100  , 1986                 35   , 182  , 1780                 277  , 152  , 1851                 158  , 158  , 1767                 153  , 1.15e+05, 1.925             
124            138  , 63   , 1767                 129  , 100  , 1998                 187  , 100  , 1975                 35   , 182  , 1780                 277  , 152  , 1851                 158  , 160  , 1771                 153  , 1.15e+05, 1.925             
125            138  , 63   , 1767                 127  , 102  , 1921                 179  , 102  , 1959                 35   , 182  , 1780                 237  , 126  , 2081                 156  , 160  , 1780                 153  , 1.15e+05, 1.921             
126            138  , 63   , 1767                 127  , 102  , 1943                 187  , 102  , 2004                 35   , 182  , 1780                 279  , 148  , 1875                 158  , 162  , 1767                 153  , 1.15e+05, 1.939             
127            138  , 63   , 1767                 129  , 102  , 1932                 184  , 102  , 1948                 35   , 182  , 1780                 279  , 148  , 1875                 158  , 162  , 1775                 153  , 1.15e+05, 1.91              
128            138  , 63   , 1767                 129  , 102  , 1948                 185  , 102  , 1964                 35   , 182  , 1780                 279  , 148  , 1875                 156  , 160  , 1775                 153  , 1.15e+05, 1.908             
129            138  , 63   , 1767                 127  , 100  , 1953                 187  , 100  , 1981                 35   , 182  , 1780                 279  , 148  , 1875                 158  , 160  , 1767                 153  , 1.15e+05, 1.921             
130            138  , 63   , 1767                 129  , 100  , 1936                 187  , 100  , 1969                 35   , 182  , 1780                 279  , 148  , 1875                 158  , 160  , 1780                 153  , 1.15e+05, 1.946             
131            138  , 63   , 1767                 127  , 100  , 1992                 185  , 100  , 1969                 35   , 182  , 1780                 279  , 148  , 1875                 156  , 160  , 1748                 153  , 1.15e+05, 1.921             
132            138  , 63   , 1767                 127  , 102  , 1921                 187  , 102  , 1992                 35   , 182  , 1780                 279  , 148  , 1875                 158  , 162  , 1762                 153  , 1.15e+05, 1.915             
133            138  , 63   , 1767                 127  , 100  , 1943                 185  , 100  , 1959                 35   , 182  , 1780                 279  , 148  , 1875                 158  , 160  , 1771                 153  , 1.15e+05, 1.943             
134            138  , 63   , 1767                 129  , 100  , 1953                 187  , 100  , 1998                 35   , 182  , 1780                 279  , 148  , 1875                 158  , 158  , 1775                 153  , 1.15e+05, 1.919             
135            138  , 63   , 1767                 129  , 102  , 1943                 187  , 102  , 1986                 35   , 182  , 1780                 279  , 144  , 1766                 158  , 162  , 1767                 153  , 1.15e+05, 1.919             
136            138  , 63   , 1767                 129  , 100  , 1975                 185  , 100  , 1981                 35   , 182  , 1780                 279  , 144  , 1766                 158  , 160  , 1771                 153  , 1.15e+05, 1.898             
137            138  , 63   , 1767                 129  , 112  , 1889                 185  , 102  , 1969                 35   , 182  , 1780                 279  , 144  , 1766                 158  , 162  , 1736                 153  , 1.15e+05, 1.922             
138            138  , 63   , 1767                 129  , 100  , 1975                 182  , 100  , 1948                 35   , 182  , 1780                 279  , 144  , 1766                 158  , 160  , 1758                 153  , 1.15e+05, 1.906             
139            138  , 63   , 1767                 128  , 116  , 1846                 185  , 102  , 1964                 35   , 182  , 1780                 279  , 144  , 1766                 158  , 162  , 1771                 153  , 1.15e+05, 1.908             
140            138  , 63   , 1767                 129  , 104  , 1915                 181  , 100  , 1953                 35   , 182  , 1780                 227  , 116  , 2232                 156  , 160  , 1780                 153  , 1.15e+05, 1.9               
141            138  , 63   , 1767                 129  , 102  , 1943                 180  , 102  , 1932                 35   , 182  , 1780                 229  , 134  , 2128                 158  , 160  , 1762                 153  , 1.15e+05, 1.937             
142            138  , 63   , 1767                 129  , 114  , 1869                 185  , 104  , 1975                 35   , 182  , 1780                 277  , 154  , 1754                 158  , 162  , 1762                 153  , 1.15e+05, 1.893             
143            138  , 63   , 1767                 129  , 100  , 1936                 184  , 100  , 1953                 35   , 182  , 1780                 275  , 154  , 1902                 158  , 160  , 1789                 153  , 1.15e+05, 1.904             
144            138  , 63   , 1767                 129  , 104  , 1915                 187  , 102  , 2004                 35   , 182  , 1780                 279  , 150  , 1869                 158  , 160  , 1762                 153  , 1.15e+05, 1.892             
145            138  , 63   , 1767                 129  , 114  , 1875                 185  , 102  , 1959                 35   , 182  , 1780                 279  , 150  , 1869                 156  , 162  , 1767                 153  , 1.15e+05, 1.887             
146            138  , 63   , 1767                 129  , 114  , 1869                 185  , 102  , 2008                 35   , 182  , 1780                 279  , 150  , 1869                 158  , 160  , 1780                 153  , 1.15e+05, 1.92              
147            138  , 63   , 1767                 128  , 114  , 1855                 185  , 104  , 1975                 35   , 182  , 1780                 279  , 150  , 1869                 158  , 162  , 1754                 153  , 1.15e+05, 1.912             
148            138  , 63   , 1767                 129  , 100  , 1964                 187  , 100  , 1969                 35   , 182  , 1780                 279  , 150  , 1869                 158  , 160  , 1767                 153  , 1.15e+05, 1.911             
149            138  , 63   , 1767                 129  , 102  , 1943                 185  , 102  , 1964                 35   , 182  , 1780                 279  , 150  , 1869                 158  , 162  , 1762                 153  , 1.15e+05, 1.901             
150            138  , 63   , 1767                 129  , 116  , 1880                 187  , 102  , 1959                 35   , 182  , 1780                 279  , 150  , 1869                 158  , 160  , 1771                 153  , 1.15e+05, 1.945             
151            138  , 63   , 1767                 129  , 104  , 1948                 183  , 104  , 1998                 35   , 182  , 1780                 279  , 150  , 1869                 158  , 162  , 1742                 153  , 1.15e+05, 1.893             
152            138  , 63   , 1767                 129  , 104  , 1915                 185  , 104  , 1975                 35   , 182  , 1780                 279  , 150  , 1869                 158  , 162  , 1775                 153  , 1.15e+05, 1.95              
153            138  , 63   , 1767                 129  , 96   , 2004                 186  , 104  , 1943                 35   , 182  , 1780                 279  , 150  , 1869                 158  , 160  , 1771                 153  , 1.15e+05, 1.913             
154            138  , 63   , 1767                 129  , 112  , 1889                 187  , 102  , 1959                 35   , 182  , 1780                 279  , 150  , 1869                 158  , 162  , 1771                 153  , 1.15e+05, 1.927             
155            138  , 63   , 1767                 129  , 100  , 1969                 187  , 100  , 1964                 35   , 182  , 1780                 279  , 150  , 1869                 158  , 160  , 1771                 153  , 1.15e+05, 1.956             
156            138  , 63   , 1767                 129  , 118  , 1869                 187  , 100  , 1975                 35   , 182  , 1780                 279  , 150  , 1869                 158  , 160  , 1775                 153  , 1.15e+05, 1.907             
157            138  , 63   , 1767                 129  , 104  , 1948                 186  , 104  , 1953                 35   , 182  , 1780                 279  , 150  , 1869                 158  , 160  , 1748                 153  , 1.15e+05, 1.899             
158            138  , 63   , 1767                 129  , 102  , 1921                 185  , 102  , 1981                 35   , 182  , 1780                 279  , 150  , 1869                 158  , 162  , 1758                 153  , 1.15e+05, 1.92              
159            138  , 63   , 1767                 129  , 100  , 1948                 185  , 100  , 1981                 35   , 182  , 1780                 279  , 150  , 1869                 158  , 160  , 1780                 153  , 1.15e+05, 1.953             
160            138  , 63   , 1767                 129  , 104  , 1906                 185  , 104  , 1975                 35   , 182  , 1780                 279  , 150  , 1869                 158  , 162  , 1762                 153  , 1.15e+05, 1.914             
161            138  , 63   , 1767                 129  , 106  , 1911                 187  , 100  , 1981                 35   , 182  , 1780                 279  , 150  , 1869                 158  , 160  , 1780                 153  , 1.15e+05, 1.932             
162            138  , 63   , 1767                 129  , 102  , 1959                 187  , 102  , 1975                 35   , 182  , 1780                 279  , 150  , 1869                 158  , 160  , 1793                 153  , 1.15e+05, 1.894             
163            138  , 63   , 1767                 129  , 106  , 1880                 184  , 102  , 1953                 35   , 182  , 1780                 276  , 138  , 1726                 158  , 160  , 1767                 153  , 1.15e+05, 1.932             
164            138  , 63   , 1767                 127  , 102  , 1943                 187  , 102  , 1959                 35   , 182  , 1780                 276  , 138  , 1726                 158  , 160  , 1793                 153  , 1.15e+05, 1.916             
165            138  , 63   , 1767                 129  , 104  , 1926                 185  , 102  , 1964                 35   , 182  , 1780                 276  , 138  , 1726                 158  , 162  , 1762                 153  , 1.15e+05, 1.924             
166            138  , 63   , 1767                 129  , 108  , 1889                 185  , 102  , 1969                 35   , 182  , 1780                 276  , 138  , 1726                 158  , 160  , 1762                 153  , 1.15e+05, 1.896             
167            138  , 63   , 1767                 129  , 104  , 1926                 185  , 100  , 1975                 35   , 182  , 1780                 271  , 154  , 1742                 158  , 160  , 1789                 153  , 1.15e+05, 1.935             
168            138  , 63   , 1767                 130  , 112  , 1827                 187  , 102  , 1959                 35   , 182  , 1780                 271  , 154  , 1742                 158  , 162  , 1775                 153  , 1.15e+05, 1.894             
169            138  , 63   , 1767                 129  , 102  , 1936                 187  , 100  , 1998                 35   , 182  , 1780                 271  , 154  , 1742                 156  , 160  , 1775                 153  , 1.15e+05, 1.889             
170            138  , 63   , 1767                 129  , 102  , 1921                 185  , 102  , 1964                 35   , 182  , 1780                 271  , 154  , 1742                 158  , 160  , 1785                 153  , 1.15e+05, 1.926             
171            138  , 63   , 1767                 129  , 116  , 1880                 185  , 100  , 1959                 35   , 182  , 1780                 271  , 154  , 1742                 158  , 160  , 1762                 153  , 1.15e+05, 1.915             
172            138  , 63   , 1767                 129  , 100  , 1953                 187  , 100  , 1986                 35   , 182  , 1780                 281  , 150  , 1750                 158  , 160  , 1762                 153  , 1.15e+05, 1.907             
173            138  , 63   , 1767                 127  , 100  , 1964                 187  , 100  , 1992                 35   , 182  , 1780                 277  , 152  , 1875                 158  , 160  , 1762                 153  , 1.15e+05, 1.96              
174            138  , 63   , 1767                 129  , 102  , 1911                 187  , 102  , 1975                 35   , 182  , 1780                 277  , 152  , 1875                 158  , 162  , 1758                 153  , 1.15e+05, 1.879             
175            138  , 63   , 1767                 129  , 100  , 1969                 185  , 100  , 1964                 35   , 182  , 1780                 277  , 152  , 1875                 158  , 160  , 1789                 153  , 1.15e+05, 1.891             
176            138  , 63   , 1767                 129  , 102  , 1943                 187  , 102  , 1969                 35   , 182  , 1780                 277  , 152  , 1875                 158  , 162  , 1762                 153  , 1.15e+05, 1.906             
177            138  , 63   , 1767                 129  , 102  , 1943                 187  , 102  , 1975                 35   , 182  , 1780                 277  , 152  , 1875                 158  , 162  , 1775                 153  , 1.15e+05, 1.885             
178            138  , 63   , 1767                 129  , 102  , 1936                 187  , 102  , 1975                 35   , 182  , 1780                 277  , 152  , 1875                 160  , 162  , 1771                 153  , 1.15e+05, 1.93              
179            138  , 63   , 1767                 127  , 100  , 1932                 187  , 100  , 1975                 35   , 182  , 1780                 277  , 152  , 1875                 156  , 160  , 1780                 153  , 1.15e+05, 1.901             
180            138  , 63   , 1767                 129  , 100  , 1948                 187  , 106  , 1992                 35   , 182  , 1780                 277  , 152  , 1875                 158  , 160  , 1771                 153  , 1.15e+05, 1.899             
181            138  , 63   , 1767                 129  , 100  , 1964                 187  , 100  , 1969                 35   , 182  , 1780                 277  , 152  , 1875                 158  , 160  , 1775                 153  , 1.15e+05, 1.898             
182            138  , 63   , 1767                 129  , 102  , 1953                 185  , 102  , 1969                 35   , 182  , 1780                 277  , 152  , 1875                 158  , 162  , 1785                 153  , 1.15e+05, 1.89              
183            138  , 63   , 1767                 129  , 100  , 1975                 187  , 100  , 1975                 35   , 182  , 1780                 277  , 152  , 1875                 156  , 160  , 1785                 153  , 1.15e+05, 1.909             
184            138  , 63   , 1767                 129  , 102  , 1921                 187  , 102  , 1964                 35   , 182  , 1780                 277  , 152  , 1875                 158  , 162  , 1775                 153  , 1.15e+05, 1.921             
185            138  , 63   , 1767                 129  , 104  , 1911                 187  , 104  , 1986                 35   , 182  , 1780                 277  , 152  , 1875                 158  , 160  , 1803                 153  , 1.15e+05, 1.89              
186            138  , 63   , 1767                 129  , 116  , 1865                 187  , 102  , 1964                 35   , 182  , 1780                 277  , 152  , 1875                 158  , 162  , 1767                 153  , 1.15e+05, 1.938             
187            138  , 63   , 1767                 129  , 102  , 1936                 187  , 102  , 2008                 35   , 182  , 1780                 277  , 152  , 1875                 158  , 162  , 1771                 153  , 1.15e+05, 1.925             
188            138  , 63   , 1767                 129  , 104  , 1902                 187  , 104  , 1981                 35   , 182  , 1780                 277  , 152  , 1875                 158  , 160  , 1767                 153  , 1.15e+05, 1.922             
189            138  , 63   , 1767                 129  , 102  , 1936                 185  , 102  , 1975                 35   , 182  , 1780                 277  , 152  , 1875                 158  , 162  , 1758                 153  , 1.15e+05, 1.883             
190            138  , 63   , 1767                 129  , 102  , 1936                 185  , 102  , 1975                 35   , 182  , 1780                 265  , 152  , 1764                 156  , 160  , 1793                 153  , 1.15e+05, 1.891             
191            138  , 63   , 1767                 127  , 104  , 1959                 187  , 104  , 1964                 35   , 182  , 1780                 265  , 152  , 1764                 158  , 162  , 1775                 153  , 1.15e+05, 1.885             
192            138  , 63   , 1767                 129  , 110  , 1911                 187  , 102  , 1975                 35   , 182  , 1780                 265  , 152  , 1764                 158  , 162  , 1748                 153  , 1.15e+05, 1.888             
193            138  , 63   , 1767                 129  , 102  , 1932                 185  , 102  , 2008                 35   , 182  , 1780                 265  , 152  , 1764                 158  , 160  , 1767                 153  , 1.15e+05, 1.956             
194            138  , 63   , 1767                 129  , 114  , 1902                 183  , 102  , 1964                 35   , 182  , 1780                 265  , 152  , 1764                 158  , 162  , 1758                 153  , 1.15e+05, 1.93              
195            138  , 63   , 1767                 129  , 102  , 1948                 185  , 102  , 1959                 35   , 182  , 1780                 265  , 152  , 1764                 156  , 162  , 1775                 153  , 1.15e+05, 1.887             
196            138  , 63   , 1767                 129  , 106  , 1875                 187  , 100  , 1975                 35   , 182  , 1780                 277  , 156  , 1860                 158  , 160  , 1775                 153  , 1.15e+05, 1.926             
197            138  , 63   , 1767                 129  , 102  , 1948                 185  , 102  , 1975                 35   , 182  , 1780                 277  , 156  , 1860                 158  , 160  , 1758                 153  , 1.15e+05, 1.903             
198            138  , 63   , 1767                 130  , 108  , 1817                 186  , 100  , 1943                 35   , 182  , 1780                 277  , 156  , 1860                 158  , 160  , 1745                 153  , 1.15e+05, 1.922             
199            138  , 63   , 1767                 129  , 118  , 1911                 184  , 104  , 1948                 35   , 182  , 1780                 277  , 156  , 1860                 158  , 162  , 1748                 153  , 1.15e+05, 1.875             
200            138  , 63   , 1767                 129  , 100  , 1959                 187  , 100  , 1981                 35   , 182  , 1780                 277  , 156  , 1860                 158  , 160  , 1758                 153  , 1.15e+05, 1.894             
201            138  , 63   , 1767                 129  , 106  , 1932                 185  , 102  , 1969                 35   , 182  , 1780                 277  , 156  , 1860                 158  , 160  , 1767                 153  , 1.15e+05, 1.912             
202            138  , 63   , 1767                 129  , 102  , 1948                 187  , 102  , 1981                 35   , 182  , 1780                 277  , 156  , 1860                 158  , 160  , 1775                 153  , 1.15e+05, 1.891             
203            138  , 63   , 1767                 129  , 102  , 1943                 185  , 102  , 1969                 35   , 182  , 1780                 277  , 156  , 1860                 158  , 160  , 1767                 153  , 1.15e+05, 1.897             
204            138  , 63   , 1767                 129  , 114  , 1875                 185  , 100  , 1986                 35   , 182  , 1780                 277  , 156  , 1860                 158  , 160  , 1771                 153  , 1.15e+05, 1.886             
205            138  , 63   , 1767                 129  , 102  , 1921                 185  , 102  , 2014                 35   , 182  , 1780                 277  , 156  , 1860                 158  , 162  , 1771                 153  , 1.15e+05, 1.903             
206            138  , 63   , 1767                 129  , 106  , 1895                 184  , 100  , 1948                 35   , 182  , 1780                 277  , 156  , 1860                 158  , 160  , 1767                 153  , 1.15e+05, 1.924             
207            138  , 63   , 1767                 129  , 104  , 1936                 189  , 100  , 2008                 35   , 182  , 1780                 277  , 156  , 1860                 158  , 160  , 1767                 153  , 1.15e+05, 1.909             
208            138  , 63   , 1767                 129  , 106  , 1915                 186  , 104  , 1948                 35   , 182  , 1780                 277  , 156  , 1860                 158  , 162  , 1762                 153  , 1.15e+05, 1.884             
209            138  , 63   , 1767                 129  , 108  , 1936                 187  , 98   , 1975                 35   , 182  , 1780                 277  , 156  , 1860                 158  , 160  , 1754                 153  , 1.15e+05, 1.906             
210            138  , 63   , 1767                 129  , 102  , 1911                 187  , 102  , 1986                 35   , 182  , 1780                 277  , 156  , 1860                 158  , 160  , 1758                 153  , 1.15e+05, 1.896             
211            138  , 63   , 1767                 129  , 116  , 1869                 185  , 102  , 1969                 35   , 182  , 1780                 280  , 146  , 1722                 158  , 162  , 1742                 153  , 1.15e+05, 1.882             
212            138  , 63   , 1767                 129  , 104  , 1906                 185  , 102  , 1981                 35   , 182  , 1780                 280  , 146  , 1722                 156  , 160  , 1771                 153  , 1.15e+05, 1.898             
213            138  , 63   , 1767                 129  , 100  , 1921                 189  , 100  , 1964                 35   , 182  , 1780                 280  , 146  , 1722                 158  , 160  , 1762                 153  , 1.15e+05, 1.902             
214            138  , 63   , 1767                 129  , 104  , 1911                 185  , 98   , 1959                 35   , 182  , 1780                 275  , 156  , 1767                 156  , 158  , 1762                 153  , 1.15e+05, 1.86              
215            138  , 63   , 1767                 125  , 108  , 1875                 182  , 102  , 1936                 35   , 182  , 1780                 241  , 164  , 1778                 150  , 160  , 1758                 153  , 1.15e+05, 1.902             
216            120  , 63   , 1785                 114  , 114  , 1822                 166  , 106  , 1885                 11   , 187  , 1808                 241  , 164  , 1778                 144  , 162  , 1736                 153  , 1.15e+05, 1.846             
217            0    , 0    , 0                    0    , 0    , 0                    0    , 0    , 0                    0    , 0    , 0                    0    , 0    , 0                    0    , 0    , 0                    0    , 0    , 0                    
218            0    , 0    , 0                    0    , 0    , 0                    0    , 0    , 0                    0    , 0    , 0                    0    , 0    , 0                    0    , 0    , 0                    0    , 0    , 0                    
219            0    , 0    , 0                    0    , 0    , 0                    0    , 0    , 0                    0    , 0    , 0                    0    , 0    , 0                    0    , 0    , 0                    0    , 0    , 0                    
220            0    , 0    , 0                    0    , 0    , 0                    0    , 0    , 0                    0    , 0    , 0                    0    , 0    , 0                    0    , 0    , 0                    0    , 0    , 0                    
221            0    , 0    , 0                    0    , 0    , 0                    0    , 0    , 0                    0    , 0    , 0                    0    , 0    , 0                    0    , 0    , 0                    0    , 0    , 0                    
222            0    , 0    , 0                    0    , 0    , 0                    0    , 0    , 0                    0    , 0    , 0                    0    , 0    , 0                    0    , 0    , 0                    0    , 0    , 0                    
223            0    , 0    , 0                    0    , 0    , 0                    0    , 0    , 0                    0    , 0    , 0                    0    , 0    , 0                    0    , 0    , 0                    0    , 0    , 0                    
224            0    , 0    , 0                    0    , 0    , 0                    0    , 0    , 0                    0    , 0    , 0                    0    , 0    , 0                    0    , 0    , 0                    0    , 0    , 0                    
225            0    , 0    , 0                    0    , 0    , 0                    0    , 0    , 0                    0    , 0    , 0                    0    , 0    , 0                    0    , 0    , 0                    0    , 0    , 0                    
226            0    , 0    , 0                    0    , 0    , 0                    0    , 0    , 0                    0    , 0    , 0                    0    , 0    , 0                    0    , 0    , 0                    0    , 0    , 0                    
227            0    , 0    , 0                    0    , 0    , 0                    0    , 0    , 0                    0    , 0    , 0                    0    , 0    , 0                    0    , 0    , 0                    0    , 0    , 0                    
228            0    , 0    , 0                    0    , 0    , 0                    0    , 0    , 0                    0    , 0    , 0                    0    , 0    , 0                    0    , 0    , 0                    0    , 0    , 0                    
229            0    , 0    , 0                    0    , 0    , 0                    0    , 0    , 0                    0    , 0    , 0                    0    , 0    , 0                    0    , 0    , 0                    0    , 0    , 0                    
230            0    , 0    , 0                    0    , 0    , 0                    0    , 0    , 0                    0    , 0    , 0                    0    , 0    , 0                    0    , 0    , 0                    0    , 0    , 0                    
231            0    , 0    , 0                    0    , 0    , 0                    0    , 0    , 0                    0    , 0    , 0                    0    , 0    , 0                    0    , 0    , 0                    0    , 0    , 0                    
232            0    , 0    , 0                    0    , 0    , 0                    0    , 0    , 0                    0    , 0    , 0                    0    , 0    , 0                    0    , 0    , 0                    0    , 0    , 0                    
233            0    , 0    , 0                    0    , 0    , 0                    0    , 0    , 0                    0    , 0    , 0                    0    , 0    , 0                    0    , 0    , 0                    0    , 0    , 0                    
234            0    , 0    , 0                    0    , 0    , 0                    0    , 0    , 0                    0    , 0    , 0                    0    , 0    , 0                    0    , 0    , 0                    0    , 0    , 0                    
235            0    , 0    , 0                    0    , 0    , 0                    0    , 0    , 0                    0    , 0    , 0                    0    , 0    , 0                    0    , 0    , 0                    0    , 0    , 0                    
236            0    , 0    , 0                    0    , 0    , 0                    0    , 0    , 0                    0    , 0    , 0                    0    , 0    , 0                    0    , 0    , 0                    0    , 0    , 0                    
237            0    , 0    , 0                    0    , 0    , 0                    0    , 0    , 0                    0    , 0    , 0                    0    , 0    , 0                    0    , 0    , 0                    0    , 0    , 0                    
238            0    , 0    , 0                    0    , 0    , 0                    0    , 0    , 0                    0    , 0    , 0                    0    , 0    , 0                    0    , 0    , 0                    0    , 0    , 0                    
239            0    , 0    , 0                    0    , 0    , 0                    0    , 0    , 0                    0    , 0    , 0                    0    , 0    , 0                    0    , 0    , 0                    0    , 0    , 0                    
240            0    , 0    , 0                    0    , 0    , 0                    0    , 0    , 0                    0    , 0    , 0                    0    , 0    , 0                    0    , 0    , 0                    0    , 0    , 0                    
241            0    , 0    , 0                    0    , 0    , 0                    0    , 0    , 0                    0    , 0    , 0                    0    , 0    , 0                    0    , 0    , 0                    0    , 0    , 0                    
242            0    , 0    , 0                    0    , 0    , 0                    0    , 0    , 0                    0    , 0    , 0                    0    , 0    , 0                    0    , 0    , 0                    0    , 0    , 0                    
243            0    , 0    , 0                    0    , 0    , 0                    0    , 0    , 0                    0    , 0    , 0                    0    , 0    , 0                    0    , 0    , 0                    0    , 0    , 0                    
244            0    , 0    , 0                    0    , 0    , 0                    0    , 0    , 0                    0    , 0    , 0                    0    , 0    , 0                    0    , 0    , 0                    0    , 0    , 0                    
245            0    , 0    , 0                    0    , 0    , 0                    0    , 0    , 0                    0    , 0    , 0                    0    , 0    , 0                    0    , 0    , 0                    0    , 0    , 0                    
246            0    , 0    , 0                    0    , 0    , 0                    0    , 0    , 0                    0    , 0    , 0                    0    , 0    , 0                    0    , 0    , 0                    0    , 0    , 0                    
247            0    , 0    , 0                    0    , 0    , 0                    0    , 0    , 0                    0    , 0    , 0                    0    , 0    , 0                    0    , 0    , 0                    0    , 0    , 0                    
248            0    , 0    , 0                    0    , 0    , 0                    0    , 0    , 0                    0    , 0    , 0                    0    , 0    , 0                    0    , 0    , 0                    0    , 0    , 0                    
249            0    , 0    , 0                    0    , 0    , 0                    0    , 0    , 0                    0    , 0    , 0                    0    , 0    , 0                    0    , 0    , 0                    0    , 0    , 0                    
250            0    , 0    , 0                    0    , 0    , 0                    0    , 0    , 0                    0    , 0    , 0                    0    , 0    , 0                    0    , 0    , 0                    0    , 0    , 0                    
251            0    , 0    , 0                    0    , 0    , 0                    0    , 0    , 0                    0    , 0    , 0                    0    , 0    , 0                    0    , 0    , 0                    0    , 0    , 0                    
252            0    , 0    , 0                    0    , 0    , 0                    0    , 0    , 0                    0    , 0    , 0                    0    , 0    , 0                    0    , 0    , 0                    0    , 0    , 0                    
253            0    , 0    , 0                    0    , 0    , 0                    0    , 0    , 0                    0    , 0    , 0                    0    , 0    , 0                    0    , 0    , 0                    0    , 0    , 0                    
254            0    , 0    , 0                    0    , 0    , 0                    0    , 0    , 0                    0    , 0    , 0                    0    , 0    , 0                    0    , 0    , 0                    0    , 0    , 0                    
255            0    , 0    , 0                    0    , 0    , 0                    0    , 0    , 0                    0    , 0    , 0                    0    , 0    , 0                    0    , 0    , 0                    0    , 0    , 0                    
256            0    , 0    , 0                    0    , 0    , 0                    0    , 0    , 0                    0    , 0    , 0                    0    , 0    , 0                    0    , 0    , 0                    0    , 0    , 0                    
257            0    , 0    , 0                    0    , 0    , 0                    0    , 0    , 0                    0    , 0    , 0                    0    , 0    , 0                    0    , 0    , 0                    0    , 0    , 0                    
258            0    , 0    , 0                    0    , 0    , 0                    0    , 0    , 0                    0    , 0    , 0                    0    , 0    , 0                    0    , 0    , 0                    0    , 0    , 0                    
259            0    , 0    , 0                    0    , 0    , 0                    0    , 0    , 0                    0    , 0    , 0                    0    , 0    , 0                    0    , 0    , 0                    0    , 0    , 0                    
260            0    , 0    , 0                    0    , 0    , 0                    0    , 0    , 0                    0    , 0    , 0                    0    , 0    , 0                    0    , 0    , 0                    0    , 0    , 0                    
261            0    , 0    , 0                    0    , 0    , 0                    0    , 0    , 0                    0    , 0    , 0                    0    , 0    , 0                    0    , 0    , 0                    0    , 0    , 0                    
262            0    , 0    , 0                    0    , 0    , 0                    0    , 0    , 0                    0    , 0    , 0                    0    , 0    , 0                    0    , 0    , 0                    0    , 0    , 0                    
263            0    , 0    , 0                    0    , 0    , 0                    0    , 0    , 0                    0    , 0    , 0                    0    , 0    , 0                    0    , 0    , 0                    0    , 0    , 0                    
264            0    , 0    , 0                    0    , 0    , 0                    0    , 0    , 0                    0    , 0    , 0                    0    , 0    , 0                    0    , 0    , 0                    0    , 0    , 0                    
265            0    , 0    , 0                    0    , 0    , 0                    0    , 0    , 0                    0    , 0    , 0                    0    , 0    , 0                    0    , 0    , 0                    0    , 0    , 0                    
266            0    , 0    , 0                    0    , 0    , 0                    0    , 0    , 0                    0    , 0    , 0                    0    , 0    , 0                    0    , 0    , 0                    0    , 0    , 0                    
267            0    , 0    , 0                    0    , 0    , 0                    0    , 0    , 0                    0    , 0    , 0                    0    , 0    , 0                    0    , 0    , 0                    0    , 0    , 0                    
268            0    , 0    , 0                    0    , 0    , 0                    0    , 0    , 0                    0    , 0    , 0                    0    , 0    , 0                    0    , 0    , 0                    0    , 0    , 0                    
269            0    , 0    , 0                    0    , 0    , 0                    0    , 0    , 0                    0    , 0    , 0                    0    , 0    , 0                    0    , 0    , 0                    0    , 0    , 0                    
270            0    , 0    , 0                    0    , 0    , 0                    0    , 0    , 0                    0    , 0    , 0                    0    , 0    , 0                    0    , 0    , 0                    0    , 0    , 0                    
271            0    , 0    , 0                    0    , 0    , 0                    0    , 0    , 0                    0    , 0    , 0                    0    , 0    , 0                    0    , 0    , 0                    0    , 0    , 0                    
272            0    , 0    , 0                    0    , 0    , 0                    0    , 0    , 0                    0    , 0    , 0                    0    , 0    , 0                    0    , 0    , 0                    0    , 0    , 0                    
273            0    , 0    , 0                    0    , 0    , 0                    0    , 0    , 0                    0    , 0    , 0                    0    , 0    , 0                    0    , 0    , 0                    0    , 0    , 0                    
274            0    , 0    , 0                    0    , 0    , 0                    0    , 0    , 0                    0    , 0    , 0                    0    , 0    , 0                    0    , 0    , 0                    0    , 0    , 0                    
275            0    , 0    , 0                    0    , 0    , 0                    0    , 0    , 0                    0    , 0    , 0                    0    , 0    , 0                    0    , 0    , 0                    0    , 0    , 0                    
276            0    , 0    , 0                    0    , 0    , 0                    0    , 0    , 0                    0    , 0    , 0                    0    , 0    , 0                    0    , 0    , 0                    0    , 0    , 0                    
277            0    , 0    , 0                    0    , 0    , 0                    0    , 0    , 0                    0    , 0    , 0                    0    , 0    , 0                    0    , 0    , 0                    0    , 0    , 0                    
278            0    , 0    , 0                    0    , 0    , 0                    0    , 0    , 0                    0    , 0    , 0                    0    , 0    , 0                    0    , 0    , 0                    0    , 0    , 0                    
279            0    , 0    , 0                    0    , 0    , 0                    0    , 0    , 0                    0    , 0    , 0                    0    , 0    , 0                    0    , 0    , 0                    0    , 0    , 0                    
280            0    , 0    , 0                    0    , 0    , 0                    0    , 0    , 0                    0    , 0    , 0                    0    , 0    , 0                    0    , 0    , 0                    0    , 0    , 0                    
281            0    , 0    , 0                    0    , 0    , 0                    0    , 0    , 0                    0    , 0    , 0                    0    , 0    , 0                    0    , 0    , 0                    0    , 0    , 0                    
282            0    , 0    , 0                    0    , 0    , 0                    0    , 0    , 0                    0    , 0    , 0                    0    , 0    , 0                    0    , 0    , 0                    0    , 0    , 0                    
283            0    , 0    , 0                    0    , 0    , 0                    0    , 0    , 0                    0    , 0    , 0                    0    , 0    , 0                    0    , 0    , 0                    0    , 0    , 0                    
284            0    , 0    , 0                    0    , 0    , 0                    0    , 0    , 0                    0    , 0    , 0                    0    , 0    , 0                    0    , 0    , 0                    0    , 0    , 0                    
285            0    , 0    , 0                    0    , 0    , 0                    0    , 0    , 0                    0    , 0    , 0                    0    , 0    , 0                    0    , 0    , 0                    0    , 0    , 0                    
286            0    , 0    , 0                    0    , 0    , 0                    0    , 0    , 0                    0    , 0    , 0                    0    , 0    , 0                    0    , 0    , 0                    0    , 0    , 0                    
287            0    , 0    , 0                    0    , 0    , 0                    0    , 0    , 0                    0    , 0    , 0                    0    , 0    , 0                    0    , 0    , 0                    0    , 0    , 0                    
288            0    , 0    , 0                    0    , 0    , 0                    0    , 0    , 0                    0    , 0    , 0                    0    , 0    , 0                    0    , 0    , 0                    0    , 0    , 0                    
289            0    , 0    , 0                    0    , 0    , 0                    0    , 0    , 0                    0    , 0    , 0                    0    , 0    , 0                    0    , 0    , 0                    0    , 0    , 0                    
290            0    , 0    , 0                    0    , 0    , 0                    0    , 0    , 0                    0    , 0    , 0                    0    , 0    , 0                    0    , 0    , 0                    0    , 0    , 0                    
291            0    , 0    , 0                    0    , 0    , 0                    0    , 0    , 0                    0    , 0    , 0                    0    , 0    , 0                    0    , 0    , 0                    0    , 0    , 0                    
292            0    , 0    , 0                    0    , 0    , 0                    0    , 0    , 0                    0    , 0    , 0                    0    , 0    , 0                    0    , 0    , 0                    0    , 0    , 0                    
293            0    , 0    , 0                    0    , 0    , 0                    0    , 0    , 0                    0    , 0    , 0                    0    , 0    , 0                    0    , 0    , 0                    0    , 0    , 0                    
294            0    , 0    , 0                    0    , 0    , 0                    0    , 0    , 0                    0    , 0    , 0                    0    , 0    , 0                    0    , 0    , 0                    0    , 0    , 0                    
295            0    , 0    , 0                    0    , 0    , 0                    0    , 0    , 0                    0    , 0    , 0                    0    , 0    , 0                    0    , 0    , 0                    0    , 0    , 0                    
296            0    , 0    , 0                    0    , 0    , 0                    0    , 0    , 0                    0    , 0    , 0                    0    , 0    , 0                    0    , 0    , 0                    0    , 0    , 0                    
297            0    , 0    , 0                    0    , 0    , 0                    0    , 0    , 0                    0    , 0    , 0                    0    , 0    , 0                    0    , 0    , 0                    0    , 0    , 0                    
298            0    , 0    , 0                    0    , 0    , 0                    0    , 0    , 0                    0    , 0    , 0                    0    , 0    , 0                    0    , 0    , 0                    0    , 0    , 0                    
299            0    , 0    , 0                    0    , 0    , 0                    0    , 0    , 0                    0    , 0    , 0                    0    , 0    , 0                    0    , 0    , 0                    0    , 0    , 0                    
300            0    , 0    , 0                    0    , 0    , 0                    0    , 0    , 0                    0    , 0    , 0                    0    , 0    , 0                    0    , 0    , 0                    0    , 0    , 0                    
301            0    , 0    , 0                    0    , 0    , 0                    0    , 0    , 0                    0    , 0    , 0                    0    , 0    , 0                    0    , 0    , 0                    0    , 0    , 0                    
302            0    , 0    , 0                    0    , 0    , 0                    0    , 0    , 0                    0    , 0    , 0                    0    , 0    , 0                    0    , 0    , 0                    0    , 0    , 0                    
303            0    , 0    , 0                    0    , 0    , 0                    0    , 0    , 0                    0    , 0    , 0                    0    , 0    , 0                    0    , 0    , 0                    0    , 0    , 0                    
304            0    , 0    , 0                    0    , 0    , 0                    0    , 0    , 0                    0    , 0    , 0                    0    , 0    , 0                    0    , 0    , 0                    0    , 0    , 0                    
305            0    , 0    , 0                    0    , 0    , 0                    0    , 0    , 0                    0    , 0    , 0                    0    , 0    , 0                    0    , 0    , 0                    0    , 0    , 0                    
306            0    , 0    , 0                    0    , 0    , 0                    0    , 0    , 0                    0    , 0    , 0                    0    , 0    , 0                    0    , 0    , 0                    0    , 0    , 0                    
307            0    , 0    , 0                    0    , 0    , 0                    0    , 0    , 0                    0    , 0    , 0                    0    , 0    , 0                    0    , 0    , 0                    0    , 0    , 0                    
308            0    , 0    , 0                    0    , 0    , 0                    0    , 0    , 0                    0    , 0    , 0                    0    , 0    , 0                    0    , 0    , 0                    0    , 0    , 0                    
309            0    , 0    , 0                    0    , 0    , 0                    0    , 0    , 0                    0    , 0    , 0                    0    , 0    , 0                    0    , 0    , 0                    0    , 0    , 0                    
310            0    , 0    , 0                    0    , 0    , 0                    0    , 0    , 0                    0    , 0    , 0                    0    , 0    , 0                    0    , 0    , 0                    0    , 0    , 0                    
311            0    , 0    , 0                    0    , 0    , 0                    0    , 0    , 0                    0    , 0    , 0                    0    , 0    , 0                    0    , 0    , 0                    0    , 0    , 0                    
312            0    , 0    , 0                    0    , 0    , 0                    0    , 0    , 0                    0    , 0    , 0                    0    , 0    , 0                    0    , 0    , 0                    0    , 0    , 0                    
313            0    , 0    , 0                    0    , 0    , 0                    0    , 0    , 0                    0    , 0    , 0                    0    , 0    , 0                    0    , 0    , 0                    0    , 0    , 0                    
314            0    , 0    , 0                    0    , 0    , 0                    0    , 0    , 0                    0    , 0    , 0                    0    , 0    , 0                    0    , 0    , 0                    0    , 0    , 0                    
315            0    , 0    , 0                    0    , 0    , 0                    0    , 0    , 0                    0    , 0    , 0                    0    , 0    , 0                    0    , 0    , 0                    0    , 0    , 0                    
316            0    , 0    , 0                    0    , 0    , 0                    0    , 0    , 0                    0    , 0    , 0                    0    , 0    , 0                    0    , 0    , 0                    0    , 0    , 0                    
317            0    , 0    , 0                    0    , 0    , 0                    0    , 0    , 0                    0    , 0    , 0                    0    , 0    , 0                    0    , 0    , 0                    0    , 0    , 0                    
318            0    , 0    , 0                    0    , 0    , 0                    0    , 0    , 0                    0    , 0    , 0                    0    , 0    , 0                    0    , 0    , 0                    0    , 0    , 0                    
319            0    , 0    , 0                    0    , 0    , 0                    0    , 0    , 0                    0    , 0    , 0                    0    , 0    , 0                    0    , 0    , 0                    0    , 0    , 0                    
320            0    , 0    , 0                    0    , 0    , 0                    0    , 0    , 0                    0    , 0    , 0                    0    , 0    , 0                    0    , 0    , 0                    0    , 0    , 0                    
321            0    , 0    , 0                    0    , 0    , 0                    0    , 0    , 0                    0    , 0    , 0                    0    , 0    , 0                    0    , 0    , 0                    0    , 0    , 0                    
322            0    , 0    , 0                    0    , 0    , 0                    0    , 0    , 0                    0    , 0    , 0                    0    , 0    , 0                    0    , 0    , 0                    0    , 0    , 0                    
323            0    , 0    , 0                    0    , 0    , 0                    0    , 0    , 0                    0    , 0    , 0                    0    , 0    , 0                    0    , 0    , 0                    0    , 0    , 0                    
324            0    , 0    , 0                    0    , 0    , 0                    0    , 0    , 0                    0    , 0    , 0                    0    , 0    , 0                    0    , 0    , 0                    0    , 0    , 0                    
325            0    , 0    , 0                    0    , 0    , 0                    0    , 0    , 0                    0    , 0    , 0                    0    , 0    , 0                    0    , 0    , 0                    0    , 0    , 0                    
326            0    , 0    , 0                    0    , 0    , 0                    0    , 0    , 0                    0    , 0    , 0                    0    , 0    , 0                    0    , 0    , 0                    0    , 0    , 0                    
327            0    , 0    , 0                    0    , 0    , 0                    0    , 0    , 0                    0    , 0    , 0                    0    , 0    , 0                    0    , 0    , 0                    0    , 0    , 0                    
328            0    , 0    , 0                    0    , 0    , 0                    0    , 0    , 0                    0    , 0    , 0                    0    , 0    , 0                    0    , 0    , 0                    0    , 0    , 0                    
329            0    , 0    , 0                    0    , 0    , 0                    0    , 0    , 0                    0    , 0    , 0                    0    , 0    , 0                    0    , 0    , 0                    0    , 0    , 0                    
330            0    , 0    , 0                    0    , 0    , 0                    0    , 0    , 0                    0    , 0    , 0                    0    , 0    , 0                    0    , 0    , 0                    0    , 0    , 0                    
331            0    , 0    , 0                    0    , 0    , 0                    0    , 0    , 0                    0    , 0    , 0                    0    , 0    , 0                    0    , 0    , 0                    0    , 0    , 0                    
332            0    , 0    , 0                    0    , 0    , 0                    0    , 0    , 0                    0    , 0    , 0                    0    , 0    , 0                    0    , 0    , 0                    0    , 0    , 0                    
333            0    , 0    , 0                    0    , 0    , 0                    0    , 0    , 0                    0    , 0    , 0                    0    , 0    , 0                    0    , 0    , 0                    0    , 0    , 0                    
334            0    , 0    , 0                    0    , 0    , 0                    0    , 0    , 0                    0    , 0    , 0                    0    , 0    , 0                    0    , 0    , 0                    0    , 0    , 0                    
335            0    , 0    , 0                    0    , 0    , 0                    0    , 0    , 0                    0    , 0    , 0                    0    , 0    , 0                    0    , 0    , 0                    0    , 0    , 0                    
336            0    , 0    , 0                    0    , 0    , 0                    0    , 0    , 0                    0    , 0    , 0                    0    , 0    , 0                    0    , 0    , 0                    0    , 0    , 0                    
