
Beginning joint data output...


Time           JOINT_HEAD                         JOINT_SHOULDER_LEFT                JOINT_SHOULDER_RIGHT               JOINT_HAND_LEFT                    JOINT_HAND_RIGHT                   JOINT_SPINE_MID                    JOINT_CENTER_MASS                  
1              162  , 84   , 2344                 141  , 136  , 2376                 174  , 122  , 2426                 89   , 185  , 2384                 213  , 191  , 2099                 154  , 170  , 2393                 165  , 1.27e+05, 2.404             
2              148  , 94   , 2336                 137  , 120  , 2476                 167  , 120  , 2466                 89   , 185  , 2384                 213  , 191  , 2099                 150  , 162  , 2384                 158  , 1.38e+05, 2.423             
3              148  , 94   , 2336                 129  , 124  , 2450                 163  , 120  , 2466                 74   , 187  , 2530                 213  , 191  , 2099                 145  , 164  , 2384                 158  , 1.38e+05, 2.435             
4              148  , 94   , 2336                 125  , 120  , 2567                 163  , 118  , 2530                 74   , 187  , 2530                 224  , 187  , 2540                 141  , 166  , 2376                 151  , 1.42e+05, 2.488             
5              139  , 88   , 2476                 119  , 118  , 2577                 159  , 116  , 2530                 68   , 185  , 2657                 222  , 180  , 2441                 139  , 166  , 2450                 151  , 1.42e+05, 2.471             
6              139  , 88   , 2476                 119  , 122  , 2612                 157  , 114  , 2530                 60   , 187  , 2597                 219  , 178  , 2654                 137  , 164  , 2417                 143  , 1.34e+05, 2.514             
7              139  , 88   , 2476                 117  , 114  , 2615                 157  , 140  , 2557                 60   , 187  , 2597                 225  , 172  , 2670                 141  , 164  , 2408                 143  , 1.34e+05, 2.537             
8              139  , 88   , 2476                 117  , 116  , 2584                 159  , 116  , 2567                 58   , 170  , 2706                 225  , 172  , 2670                 139  , 166  , 2450                 140  , 1.31e+05, 2.508             
9              139  , 88   , 2476                 117  , 118  , 2494                 159  , 122  , 2594                 58   , 187  , 2668                 225  , 172  , 2670                 139  , 166  , 2441                 140  , 1.31e+05, 2.604             
10             139  , 88   , 2476                 115  , 118  , 2540                 153  , 130  , 2557                 58   , 187  , 2668                 225  , 172  , 2670                 137  , 168  , 2417                 140  , 1.31e+05, 2.487             
11             139  , 88   , 2476                 115  , 116  , 2557                 157  , 116  , 2577                 58   , 187  , 2668                 215  , 172  , 2644                 139  , 164  , 2460                 140  , 1.31e+05, 2.548             
12             139  , 88   , 2476                 113  , 118  , 2547                 157  , 118  , 2567                 58   , 187  , 2668                 215  , 172  , 2644                 137  , 168  , 2476                 136  , 1.31e+05, 2.568             
13             0    , 0    , 0                    0    , 0    , 0                    0    , 0    , 0                    0    , 0    , 0                    0    , 0    , 0                    0    , 0    , 0                    0    , 0    , 0                    
14             139  , 88   , 2476                 113  , 126  , 2605                 149  , 112  , 2615                 58   , 187  , 2668                 215  , 172  , 2644                 135  , 164  , 2367                 136  , 1.31e+05, 2.652             
15             139  , 88   , 2476                 113  , 126  , 2520                 157  , 116  , 2605                 52   , 183  , 2441                 215  , 172  , 2644                 135  , 166  , 2417                 136  , 1.31e+05, 2.543             
16             139  , 88   , 2476                 116  , 120  , 2684                 153  , 116  , 2615                 60   , 191  , 2610                 215  , 172  , 2644                 137  , 162  , 2615                 136  , 1.31e+05, 2.544             
17             139  , 88   , 2476                 113  , 120  , 2600                 157  , 118  , 2605                 60   , 191  , 2610                 215  , 172  , 2644                 137  , 168  , 2426                 136  , 1.31e+05, 2.559             
18             139  , 88   , 2476                 113  , 118  , 2615                 151  , 118  , 2631                 60   , 191  , 2610                 210  , 174  , 2504                 135  , 166  , 2393                 132  , 1.31e+05, 2.588             
19             139  , 88   , 2476                 112  , 116  , 2665                 153  , 114  , 2557                 60   , 191  , 2610                 201  , 170  , 2649                 133  , 160  , 2628                 132  , 1.31e+05, 2.569             
20             139  , 88   , 2476                 113  , 118  , 2577                 157  , 114  , 2594                 60   , 191  , 2610                 201  , 170  , 2649                 137  , 164  , 2600                 132  , 1.31e+05, 2.548             
21             139  , 88   , 2476                 113  , 130  , 2540                 157  , 118  , 2644                 60   , 191  , 2610                 208  , 176  , 2426                 135  , 166  , 2376                 132  , 1.31e+05, 2.534             
22             139  , 88   , 2476                 115  , 138  , 2520                 157  , 114  , 2605                 60   , 191  , 2610                 213  , 178  , 2597                 137  , 166  , 2384                 132  , 1.31e+05, 2.52              
23             139  , 88   , 2476                 114  , 118  , 2714                 153  , 114  , 2577                 56   , 191  , 2441                 213  , 178  , 2597                 133  , 166  , 2376                 132  , 1.31e+05, 2.559             
24             139  , 88   , 2476                 113  , 128  , 2520                 157  , 116  , 2584                 56   , 191  , 2687                 213  , 178  , 2597                 137  , 170  , 2432                 132  , 1.31e+05, 2.524             
25             139  , 88   , 2476                 114  , 130  , 2625                 157  , 114  , 2644                 60   , 193  , 2594                 213  , 178  , 2597                 137  , 162  , 2633                 132  , 1.31e+05, 2.562             
26             139  , 88   , 2476                 113  , 114  , 2584                 155  , 114  , 2644                 60   , 193  , 2594                 209  , 176  , 2557                 135  , 166  , 2600                 132  , 1.31e+05, 2.538             
27             139  , 88   , 2476                 113  , 120  , 2582                 153  , 116  , 2644                 58   , 195  , 2728                 209  , 176  , 2557                 135  , 166  , 2361                 132  , 1.31e+05, 2.546             
28             139  , 88   , 2476                 113  , 128  , 2450                 155  , 118  , 2605                 54   , 189  , 2485                 209  , 176  , 2557                 135  , 168  , 2361                 132  , 1.31e+05, 2.594             
29             139  , 88   , 2476                 112  , 118  , 2654                 153  , 114  , 2594                 54   , 191  , 2660                 209  , 176  , 2557                 135  , 166  , 2408                 132  , 1.31e+05, 2.506             
30             139  , 88   , 2476                 111  , 120  , 2547                 153  , 116  , 2605                 54   , 191  , 2660                 209  , 176  , 2557                 131  , 166  , 2344                 128  , 1.27e+05, 2.604             
31             139  , 88   , 2476                 112  , 116  , 2644                 153  , 114  , 2605                 60   , 197  , 2695                 205  , 174  , 2625                 133  , 166  , 2376                 128  , 1.27e+05, 2.549             
32             139  , 88   , 2476                 112  , 120  , 2631                 153  , 116  , 2706                 60   , 197  , 2695                 205  , 174  , 2625                 135  , 166  , 2376                 128  , 1.27e+05, 2.529             
33             139  , 88   , 2476                 112  , 104  , 2633                 153  , 114  , 2633                 54   , 187  , 2494                 205  , 174  , 2625                 131  , 160  , 2623                 128  , 1.27e+05, 2.561             
34             139  , 88   , 2476                 111  , 128  , 2460                 153  , 120  , 2633                 54   , 187  , 2494                 205  , 174  , 2625                 133  , 168  , 2450                 128  , 1.27e+05, 2.581             
35             139  , 88   , 2476                 111  , 130  , 2511                 153  , 118  , 2684                 58   , 195  , 2652                 205  , 174  , 2625                 133  , 166  , 2426                 128  , 1.27e+05, 2.536             
36             139  , 88   , 2476                 112  , 114  , 2673                 151  , 114  , 2605                 58   , 195  , 2652                 205  , 174  , 2625                 133  , 166  , 2511                 128  , 1.27e+05, 2.56              
37             139  , 88   , 2476                 110  , 120  , 2633                 154  , 116  , 2780                 58   , 195  , 2652                 205  , 174  , 2625                 133  , 166  , 2417                 128  , 1.27e+05, 2.572             
38             123  , 92   , 2540                 112  , 118  , 2654                 151  , 118  , 2644                 55   , 191  , 2361                 205  , 174  , 2625                 133  , 168  , 2367                 124  , 1.27e+05, 2.588             
39             123  , 92   , 2540                 110  , 112  , 2638                 153  , 112  , 2714                 55   , 191  , 2361                 205  , 174  , 2625                 133  , 164  , 2574                 124  , 1.27e+05, 2.517             
40             123  , 92   , 2540                 109  , 116  , 2594                 153  , 116  , 2644                 55   , 191  , 2361                 205  , 174  , 2625                 133  , 164  , 2426                 124  , 1.27e+05, 2.493             
41             123  , 92   , 2540                 110  , 118  , 2625                 153  , 112  , 2615                 55   , 191  , 2361                 205  , 174  , 2625                 133  , 158  , 2523                 124  , 1.27e+05, 2.583             
42             123  , 92   , 2540                 109  , 116  , 2594                 149  , 116  , 2644                 55   , 191  , 2361                 205  , 174  , 2625                 133  , 164  , 2384                 124  , 1.27e+05, 2.646             
43             123  , 92   , 2540                 109  , 130  , 2547                 151  , 118  , 2584                 55   , 191  , 2361                 205  , 174  , 2625                 129  , 168  , 2393                 124  , 1.27e+05, 2.583             
44             123  , 92   , 2540                 111  , 144  , 2557                 151  , 116  , 2577                 55   , 191  , 2361                 205  , 174  , 2625                 133  , 164  , 2361                 124  , 1.27e+05, 2.541             
45             123  , 92   , 2540                 108  , 118  , 2605                 152  , 118  , 2791                 56   , 197  , 2654                 205  , 174  , 2625                 131  , 170  , 2399                 124  , 1.27e+05, 2.51              
46             123  , 92   , 2540                 107  , 126  , 2577                 151  , 116  , 2684                 46   , 191  , 2520                 205  , 174  , 2625                 129  , 164  , 2417                 124  , 1.27e+05, 2.61              
47             123  , 92   , 2540                 108  , 116  , 2673                 149  , 118  , 2615                 50   , 191  , 2441                 205  , 174  , 2625                 129  , 166  , 2408                 124  , 1.27e+05, 2.526             
48             123  , 92   , 2540                 102  , 116  , 2594                 148  , 116  , 2736                 50   , 191  , 2441                 205  , 174  , 2625                 125  , 166  , 2547                 121  , 1.27e+05, 2.572             
49             123  , 92   , 2540                 106  , 126  , 2638                 149  , 116  , 2665                 50   , 191  , 2441                 199  , 174  , 2615                 125  , 166  , 2450                 121  , 1.27e+05, 2.6               
50             123  , 92   , 2540                 110  , 116  , 2638                 146  , 116  , 2848                 44   , 191  , 2676                 199  , 174  , 2615                 127  , 166  , 2518                 119  , 1.27e+05, 2.603             
51             123  , 92   , 2540                 106  , 116  , 2870                 149  , 118  , 2714                 50   , 191  , 2441                 199  , 174  , 2615                 129  , 166  , 2525                 119  , 1.27e+05, 2.539             
52             123  , 92   , 2540                 110  , 120  , 2644                 151  , 118  , 2654                 50   , 191  , 2441                 205  , 164  , 2848                 131  , 168  , 2485                 122  , 1.27e+05, 2.597             
53             123  , 92   , 2540                 111  , 124  , 2374                 153  , 118  , 2695                 55   , 193  , 2344                 199  , 176  , 2628                 131  , 168  , 2417                 122  , 1.27e+05, 2.572             
54             123  , 92   , 2540                 109  , 120  , 2574                 151  , 118  , 2633                 55   , 193  , 2344                 199  , 176  , 2628                 133  , 166  , 2450                 125  , 1.27e+05, 2.598             
55             123  , 92   , 2540                 111  , 120  , 2602                 151  , 114  , 2615                 62   , 197  , 2649                 207  , 172  , 2633                 133  , 164  , 2542                 125  , 1.27e+05, 2.6               
56             123  , 92   , 2540                 110  , 118  , 2759                 153  , 118  , 2625                 57   , 195  , 2426                 207  , 172  , 2633                 133  , 168  , 2432                 125  , 1.27e+05, 2.569             
57             123  , 92   , 2540                 109  , 118  , 2602                 153  , 118  , 2644                 57   , 195  , 2426                 207  , 172  , 2633                 131  , 168  , 2384                 125  , 1.27e+05, 2.55              
58             123  , 92   , 2540                 111  , 126  , 2441                 153  , 118  , 2665                 62   , 197  , 2628                 207  , 172  , 2633                 133  , 168  , 2408                 125  , 1.27e+05, 2.595             
59             123  , 92   , 2540                 108  , 116  , 2725                 153  , 118  , 2633                 62   , 197  , 2628                 207  , 172  , 2633                 129  , 164  , 2417                 125  , 1.27e+05, 2.546             
60             123  , 92   , 2540                 109  , 130  , 2476                 149  , 114  , 2695                 62   , 197  , 2628                 207  , 172  , 2633                 129  , 166  , 2631                 125  , 1.27e+05, 2.549             
61             123  , 92   , 2540                 109  , 120  , 2466                 149  , 118  , 2654                 62   , 197  , 2628                 207  , 172  , 2633                 131  , 166  , 2376                 125  , 1.27e+05, 2.587             
62             123  , 92   , 2540                 109  , 126  , 2584                 149  , 112  , 2695                 56   , 193  , 2441                 203  , 178  , 2587                 131  , 166  , 2426                 125  , 1.27e+05, 2.55              
63             123  , 92   , 2540                 109  , 120  , 2485                 149  , 118  , 2654                 56   , 193  , 2441                 203  , 178  , 2587                 129  , 166  , 2361                 125  , 1.27e+05, 2.577             
64             123  , 92   , 2540                 109  , 130  , 2408                 151  , 116  , 2605                 66   , 189  , 2657                 203  , 178  , 2587                 131  , 168  , 2399                 125  , 1.27e+05, 2.57              
65             123  , 92   , 2540                 109  , 116  , 2511                 149  , 114  , 2594                 66   , 189  , 2657                 203  , 178  , 2587                 131  , 166  , 2361                 125  , 1.27e+05, 2.545             
66             123  , 92   , 2540                 108  , 114  , 2695                 149  , 116  , 2695                 57   , 195  , 2408                 203  , 178  , 2587                 129  , 162  , 2441                 125  , 1.27e+05, 2.605             
67             123  , 92   , 2540                 107  , 120  , 2540                 151  , 118  , 2644                 57   , 195  , 2408                 203  , 178  , 2587                 129  , 168  , 2466                 125  , 1.27e+05, 2.565             
68             123  , 92   , 2540                 108  , 120  , 2597                 151  , 120  , 2684                 57   , 195  , 2408                 203  , 178  , 2587                 129  , 170  , 2393                 125  , 1.27e+05, 2.632             
69             123  , 92   , 2540                 112  , 134  , 2638                 149  , 116  , 2605                 57   , 195  , 2408                 203  , 178  , 2587                 133  , 166  , 2376                 125  , 1.27e+05, 2.626             
70             123  , 92   , 2540                 107  , 120  , 2540                 149  , 116  , 2633                 57   , 195  , 2408                 203  , 178  , 2587                 127  , 162  , 2384                 125  , 1.27e+05, 2.53              
71             123  , 92   , 2540                 112  , 118  , 2631                 151  , 116  , 2584                 57   , 195  , 2408                 203  , 178  , 2587                 131  , 166  , 2393                 125  , 1.27e+05, 2.57              
72             123  , 92   , 2540                 110  , 114  , 2673                 151  , 116  , 2615                 47   , 187  , 2393                 203  , 178  , 2587                 131  , 162  , 2597                 125  , 1.27e+05, 2.563             
73             123  , 92   , 2540                 108  , 120  , 2602                 151  , 112  , 2610                 47   , 187  , 2393                 203  , 178  , 2587                 129  , 164  , 2376                 125  , 1.27e+05, 2.565             
74             123  , 92   , 2540                 109  , 128  , 2476                 151  , 116  , 2594                 47   , 187  , 2393                 203  , 178  , 2587                 129  , 166  , 2408                 125  , 1.27e+05, 2.567             
75             123  , 92   , 2540                 111  , 120  , 2602                 151  , 116  , 2584                 60   , 187  , 2646                 203  , 178  , 2587                 129  , 166  , 2417                 125  , 1.27e+05, 2.561             
76             123  , 92   , 2540                 110  , 128  , 2623                 149  , 116  , 2605                 60   , 187  , 2646                 203  , 178  , 2587                 131  , 166  , 2376                 125  , 1.27e+05, 2.591             
77             123  , 92   , 2540                 110  , 118  , 2644                 149  , 116  , 2654                 60   , 187  , 2646                 203  , 178  , 2587                 129  , 166  , 2441                 125  , 1.27e+05, 2.622             
78             123  , 92   , 2540                 110  , 118  , 2665                 149  , 116  , 2605                 48   , 189  , 2466                 203  , 178  , 2587                 129  , 166  , 2450                 125  , 1.27e+05, 2.575             
79             123  , 92   , 2540                 110  , 130  , 2631                 149  , 116  , 2615                 48   , 189  , 2466                 203  , 178  , 2587                 133  , 166  , 2353                 125  , 1.27e+05, 2.565             
80             123  , 92   , 2540                 107  , 120  , 2567                 151  , 116  , 2644                 52   , 176  , 2649                 203  , 178  , 2587                 133  , 164  , 2554                 125  , 1.27e+05, 2.556             
81             123  , 92   , 2540                 109  , 116  , 2520                 149  , 116  , 2584                 46   , 182  , 2441                 206  , 170  , 2417                 129  , 164  , 2399                 125  , 1.27e+05, 2.575             
82             123  , 92   , 2540                 109  , 140  , 2547                 143  , 120  , 2641                 65   , 178  , 2432                 177  , 152  , 2605                 131  , 164  , 2399                 125  , 1.27e+05, 2.561             
83             123  , 92   , 2540                 109  , 132  , 2485                 149  , 124  , 2584                 58   , 191  , 2652                 202  , 178  , 2494                 131  , 172  , 2417                 125  , 1.27e+05, 2.526             
84             123  , 92   , 2540                 107  , 114  , 2557                 152  , 114  , 2780                 47   , 189  , 2408                 202  , 178  , 2494                 131  , 166  , 2393                 125  , 1.27e+05, 2.556             
85             123  , 92   , 2540                 109  , 120  , 2547                 149  , 116  , 2625                 46   , 193  , 2646                 205  , 174  , 2547                 133  , 170  , 2441                 125  , 1.27e+05, 2.647             
86             123  , 92   , 2540                 109  , 128  , 2485                 149  , 116  , 2684                 48   , 191  , 2460                 205  , 174  , 2547                 131  , 168  , 2361                 125  , 1.27e+05, 2.535             
87             123  , 92   , 2540                 110  , 120  , 2618                 149  , 118  , 2695                 48   , 178  , 2684                 205  , 174  , 2547                 131  , 166  , 2460                 125  , 1.27e+05, 2.574             
88             123  , 92   , 2540                 110  , 118  , 2638                 149  , 118  , 2633                 50   , 195  , 2485                 205  , 174  , 2547                 131  , 166  , 2399                 125  , 1.27e+05, 2.549             
89             123  , 92   , 2540                 109  , 128  , 2494                 149  , 116  , 2530                 48   , 180  , 2450                 205  , 174  , 2547                 129  , 166  , 2557                 125  , 1.27e+05, 2.566             
90             123  , 92   , 2540                 109  , 132  , 2466                 151  , 120  , 2684                 50   , 191  , 2432                 205  , 174  , 2547                 129  , 170  , 2607                 125  , 1.27e+05, 2.585             
91             123  , 92   , 2540                 109  , 118  , 2577                 151  , 118  , 2615                 50   , 191  , 2432                 205  , 174  , 2547                 129  , 168  , 2441                 125  , 1.27e+05, 2.605             
92             123  , 92   , 2540                 110  , 122  , 2638                 153  , 122  , 2714                 58   , 191  , 2649                 205  , 174  , 2547                 129  , 166  , 2460                 125  , 1.27e+05, 2.577             
93             123  , 92   , 2540                 110  , 118  , 2665                 147  , 114  , 2706                 48   , 180  , 2466                 205  , 174  , 2547                 131  , 164  , 2399                 125  , 1.27e+05, 2.591             
94             123  , 92   , 2540                 109  , 118  , 2376                 147  , 118  , 2673                 48   , 180  , 2466                 205  , 174  , 2547                 129  , 168  , 2485                 125  , 1.27e+05, 2.58              
95             123  , 92   , 2540                 110  , 118  , 2625                 151  , 118  , 2625                 48   , 180  , 2466                 205  , 174  , 2547                 133  , 166  , 2441                 125  , 1.27e+05, 2.608             
96             123  , 92   , 2540                 109  , 120  , 2592                 149  , 124  , 2625                 49   , 191  , 2408                 193  , 176  , 2734                 125  , 164  , 2408                 125  , 1.27e+05, 2.58              
97             123  , 92   , 2540                 109  , 118  , 2577                 151  , 118  , 2644                 49   , 191  , 2408                 201  , 180  , 2625                 131  , 168  , 2417                 125  , 1.27e+05, 2.572             
98             123  , 92   , 2540                 108  , 120  , 2600                 149  , 116  , 2615                 48   , 193  , 2654                 201  , 180  , 2625                 133  , 166  , 2408                 125  , 1.27e+05, 2.547             
99             123  , 92   , 2540                 110  , 114  , 2768                 151  , 118  , 2567                 50   , 193  , 2426                 201  , 180  , 2625                 127  , 162  , 2408                 125  , 1.27e+05, 2.561             
100            123  , 92   , 2540                 112  , 118  , 2610                 151  , 116  , 2684                 44   , 189  , 2646                 203  , 176  , 2577                 127  , 166  , 2600                 125  , 1.27e+05, 2.562             
101            123  , 92   , 2540                 110  , 114  , 2605                 151  , 118  , 2654                 44   , 189  , 2646                 203  , 176  , 2577                 129  , 166  , 2367                 125  , 1.27e+05, 2.615             
102            123  , 92   , 2540                 109  , 120  , 2466                 153  , 122  , 2654                 49   , 191  , 2408                 203  , 176  , 2577                 127  , 166  , 2450                 125  , 1.27e+05, 2.61              
103            123  , 92   , 2540                 110  , 118  , 2625                 151  , 116  , 2714                 49   , 191  , 2408                 203  , 176  , 2577                 133  , 166  , 2353                 125  , 1.27e+05, 2.588             
104            123  , 92   , 2540                 110  , 120  , 2638                 154  , 120  , 2791                 49   , 191  , 2408                 203  , 176  , 2577                 129  , 168  , 2408                 125  , 1.27e+05, 2.542             
105            123  , 92   , 2540                 109  , 122  , 2584                 145  , 120  , 2654                 49   , 191  , 2408                 203  , 176  , 2577                 127  , 166  , 2602                 125  , 1.27e+05, 2.557             
106            123  , 92   , 2540                 107  , 116  , 2557                 149  , 116  , 2654                 49   , 191  , 2408                 203  , 176  , 2577                 129  , 164  , 2441                 125  , 1.27e+05, 2.645             
107            123  , 92   , 2540                 107  , 122  , 2587                 149  , 122  , 2684                 48   , 193  , 2636                 191  , 170  , 2836                 131  , 170  , 2636                 125  , 1.27e+05, 2.53              
108            123  , 92   , 2540                 110  , 114  , 2660                 151  , 116  , 2594                 50   , 189  , 2441                 205  , 176  , 2638                 129  , 166  , 2426                 125  , 1.27e+05, 2.613             
109            123  , 92   , 2540                 109  , 120  , 2589                 151  , 116  , 2684                 50   , 189  , 2441                 205  , 176  , 2638                 131  , 168  , 2417                 125  , 1.27e+05, 2.542             
110            123  , 92   , 2540                 113  , 130  , 2417                 151  , 116  , 2644                 50   , 189  , 2441                 205  , 176  , 2638                 129  , 166  , 2384                 125  , 1.27e+05, 2.545             
111            123  , 92   , 2540                 109  , 116  , 2577                 151  , 114  , 2623                 50   , 189  , 2441                 205  , 176  , 2638                 131  , 164  , 2399                 125  , 1.27e+05, 2.576             
112            123  , 92   , 2540                 110  , 120  , 2628                 151  , 120  , 2644                 78   , 168  , 2633                 205  , 176  , 2638                 131  , 168  , 2408                 125  , 1.27e+05, 2.562             
113            123  , 92   , 2540                 108  , 116  , 2625                 149  , 116  , 2654                 48   , 193  , 2687                 205  , 176  , 2638                 131  , 168  , 2399                 125  , 1.27e+05, 2.632             
114            123  , 92   , 2540                 110  , 120  , 2615                 151  , 120  , 2654                 48   , 193  , 2485                 205  , 176  , 2638                 129  , 168  , 2417                 125  , 1.27e+05, 2.64              
115            123  , 92   , 2540                 109  , 128  , 2494                 149  , 118  , 2684                 48   , 193  , 2485                 205  , 176  , 2638                 127  , 166  , 2537                 125  , 1.27e+05, 2.579             
116            123  , 92   , 2540                 110  , 118  , 2644                 147  , 118  , 2714                 48   , 193  , 2485                 201  , 162  , 2836                 127  , 168  , 2610                 125  , 1.27e+05, 2.585             
117            123  , 92   , 2540                 109  , 118  , 2494                 147  , 118  , 2625                 51   , 189  , 2408                 200  , 174  , 2476                 129  , 168  , 2399                 125  , 1.27e+05, 2.538             
118            123  , 92   , 2540                 110  , 120  , 2631                 147  , 114  , 2714                 51   , 189  , 2408                 207  , 168  , 2714                 129  , 168  , 2408                 125  , 1.27e+05, 2.604             
119            123  , 92   , 2540                 109  , 132  , 2511                 147  , 114  , 2625                 51   , 189  , 2408                 207  , 168  , 2714                 129  , 166  , 2399                 125  , 1.27e+05, 2.541             
120            123  , 92   , 2540                 108  , 116  , 2633                 149  , 116  , 2665                 51   , 189  , 2408                 202  , 172  , 2384                 129  , 166  , 2384                 125  , 1.27e+05, 2.558             
121            123  , 92   , 2540                 106  , 120  , 2633                 151  , 120  , 2665                 51   , 189  , 2408                 207  , 168  , 2618                 131  , 170  , 2460                 125  , 1.27e+05, 2.549             
122            123  , 92   , 2540                 110  , 128  , 2620                 151  , 122  , 2615                 51   , 189  , 2408                 207  , 168  , 2618                 133  , 168  , 2393                 125  , 1.27e+05, 2.609             
123            123  , 92   , 2540                 108  , 120  , 2615                 151  , 116  , 2460                 51   , 189  , 2408                 207  , 168  , 2618                 131  , 166  , 2399                 125  , 1.27e+05, 2.557             
124            123  , 92   , 2540                 110  , 116  , 2644                 153  , 120  , 2684                 51   , 189  , 2408                 207  , 168  , 2618                 131  , 166  , 2417                 125  , 1.27e+05, 2.537             
125            123  , 92   , 2540                 109  , 130  , 2485                 153  , 122  , 2615                 47   , 185  , 2417                 207  , 168  , 2618                 131  , 168  , 2426                 125  , 1.27e+05, 2.596             
126            123  , 92   , 2540                 110  , 120  , 2625                 151  , 118  , 2615                 47   , 185  , 2417                 207  , 168  , 2618                 129  , 166  , 2554                 125  , 1.27e+05, 2.552             
127            123  , 92   , 2540                 110  , 120  , 2618                 151  , 116  , 2633                 47   , 185  , 2417                 207  , 168  , 2618                 131  , 166  , 2426                 125  , 1.27e+05, 2.556             
128            123  , 92   , 2540                 109  , 120  , 2577                 151  , 118  , 2605                 54   , 189  , 2649                 207  , 168  , 2618                 129  , 168  , 2417                 125  , 1.27e+05, 2.557             
129            123  , 92   , 2540                 106  , 118  , 2594                 149  , 114  , 2615                 49   , 185  , 2367                 207  , 168  , 2618                 127  , 164  , 2499                 125  , 1.27e+05, 2.558             
130            123  , 92   , 2540                 110  , 116  , 2605                 153  , 116  , 2673                 49   , 185  , 2367                 207  , 168  , 2618                 127  , 166  , 2557                 125  , 1.27e+05, 2.655             
131            123  , 92   , 2540                 107  , 116  , 2557                 149  , 114  , 2494                 49   , 185  , 2367                 207  , 168  , 2618                 131  , 164  , 2485                 125  , 1.27e+05, 2.6               
132            123  , 92   , 2540                 108  , 116  , 2803                 151  , 116  , 2594                 48   , 191  , 2623                 207  , 168  , 2618                 131  , 166  , 2393                 125  , 1.27e+05, 2.607             
133            123  , 92   , 2540                 109  , 120  , 2594                 151  , 116  , 2625                 50   , 182  , 2466                 210  , 176  , 2460                 131  , 166  , 2460                 125  , 1.27e+05, 2.588             
134            123  , 92   , 2540                 110  , 120  , 2620                 151  , 122  , 2594                 50   , 182  , 2466                 207  , 176  , 2646                 131  , 168  , 2408                 125  , 1.27e+05, 2.573             
135            123  , 92   , 2540                 107  , 130  , 2494                 149  , 116  , 2625                 50   , 182  , 2466                 211  , 174  , 2577                 131  , 166  , 2376                 125  , 1.27e+05, 2.56              
136            123  , 92   , 2540                 110  , 120  , 2636                 151  , 118  , 2605                 50   , 182  , 2466                 211  , 174  , 2577                 133  , 168  , 2393                 125  , 1.27e+05, 2.529             
137            123  , 92   , 2540                 109  , 130  , 2520                 149  , 132  , 2577                 45   , 187  , 2361                 211  , 174  , 2577                 127  , 176  , 2408                 125  , 1.27e+05, 2.546             
138            123  , 92   , 2540                 109  , 130  , 2547                 149  , 114  , 2714                 45   , 187  , 2361                 211  , 174  , 2577                 124  , 164  , 2152                 125  , 1.27e+05, 2.593             
139            123  , 92   , 2540                 107  , 116  , 2494                 151  , 118  , 2594                 51   , 195  , 2417                 203  , 178  , 2540                 129  , 166  , 2426                 125  , 1.27e+05, 2.621             
140            123  , 92   , 2540                 109  , 120  , 2494                 152  , 116  , 2768                 51   , 195  , 2417                 203  , 178  , 2540                 129  , 168  , 2450                 125  , 1.27e+05, 2.586             
141            123  , 92   , 2540                 107  , 116  , 2426                 151  , 118  , 2654                 51   , 195  , 2417                 190  , 168  , 2993                 129  , 164  , 2476                 125  , 1.27e+05, 2.584             
142            123  , 92   , 2540                 104  , 120  , 2594                 151  , 116  , 2654                 55   , 195  , 2393                 211  , 183  , 2670                 127  , 166  , 2376                 125  , 1.27e+05, 2.57              
143            123  , 92   , 2540                 107  , 118  , 2547                 149  , 118  , 2615                 55   , 195  , 2393                 201  , 180  , 2665                 129  , 166  , 2450                 125  , 1.27e+05, 2.556             
144            123  , 92   , 2540                 108  , 120  , 2605                 149  , 118  , 2615                 55   , 195  , 2393                 200  , 178  , 2520                 129  , 166  , 2579                 125  , 1.27e+05, 2.577             
145            123  , 92   , 2540                 112  , 118  , 2673                 151  , 118  , 2605                 55   , 195  , 2393                 200  , 178  , 2520                 131  , 166  , 2393                 125  , 1.27e+05, 2.593             
146            123  , 92   , 2540                 110  , 120  , 2759                 151  , 118  , 2644                 55   , 195  , 2393                 200  , 178  , 2520                 129  , 168  , 2376                 125  , 1.27e+05, 2.578             
147            123  , 92   , 2540                 109  , 132  , 2494                 149  , 116  , 2654                 55   , 195  , 2393                 200  , 178  , 2520                 131  , 166  , 2432                 125  , 1.27e+05, 2.596             
148            123  , 92   , 2540                 112  , 116  , 2623                 149  , 116  , 2625                 55   , 195  , 2393                 200  , 178  , 2520                 125  , 166  , 2494                 125  , 1.27e+05, 2.596             
149            123  , 92   , 2540                 110  , 112  , 2641                 145  , 118  , 2628                 56   , 172  , 2697                 200  , 178  , 2520                 125  , 156  , 2393                 125  , 1.27e+05, 2.537             
150            123  , 92   , 2540                 109  , 118  , 2557                 149  , 118  , 2673                 54   , 197  , 2654                 200  , 178  , 2520                 131  , 166  , 2426                 125  , 1.27e+05, 2.582             
151            123  , 92   , 2540                 109  , 122  , 2584                 151  , 120  , 2633                 54   , 197  , 2654                 200  , 178  , 2520                 131  , 168  , 2417                 125  , 1.27e+05, 2.573             
152            123  , 92   , 2540                 109  , 132  , 2504                 151  , 118  , 2605                 56   , 195  , 2466                 200  , 178  , 2520                 129  , 166  , 2417                 125  , 1.27e+05, 2.611             
153            123  , 92   , 2540                 110  , 128  , 2610                 148  , 116  , 2736                 54   , 176  , 2466                 200  , 178  , 2520                 131  , 162  , 2569                 125  , 1.27e+05, 2.611             
154            123  , 92   , 2540                 110  , 118  , 2641                 149  , 116  , 2644                 54   , 176  , 2466                 201  , 180  , 2684                 129  , 166  , 2473                 125  , 1.27e+05, 2.584             
155            123  , 92   , 2540                 108  , 118  , 2625                 147  , 118  , 2615                 54   , 176  , 2466                 201  , 180  , 2684                 129  , 166  , 2408                 125  , 1.27e+05, 2.587             
156            123  , 92   , 2540                 107  , 118  , 2520                 147  , 118  , 2633                 58   , 195  , 2597                 201  , 180  , 2684                 127  , 166  , 2497                 125  , 1.27e+05, 2.593             
157            123  , 92   , 2540                 107  , 114  , 2511                 149  , 116  , 2644                 52   , 178  , 2432                 201  , 180  , 2684                 127  , 162  , 2494                 125  , 1.27e+05, 2.584             
158            123  , 92   , 2540                 111  , 120  , 2594                 150  , 118  , 2759                 53   , 197  , 2399                 201  , 180  , 2684                 131  , 168  , 2384                 125  , 1.27e+05, 2.554             
159            123  , 92   , 2540                 109  , 118  , 2547                 149  , 116  , 2577                 53   , 197  , 2399                 201  , 180  , 2684                 131  , 166  , 2441                 125  , 1.27e+05, 2.582             
160            123  , 92   , 2540                 109  , 118  , 2577                 149  , 116  , 2644                 53   , 197  , 2399                 201  , 180  , 2684                 129  , 166  , 2450                 125  , 1.27e+05, 2.548             
161            123  , 92   , 2540                 110  , 120  , 2623                 151  , 120  , 2567                 53   , 197  , 2399                 201  , 180  , 2684                 129  , 168  , 2441                 125  , 1.27e+05, 2.572             
162            123  , 92   , 2540                 110  , 118  , 2654                 151  , 118  , 2577                 53   , 197  , 2399                 202  , 176  , 2530                 131  , 168  , 2432                 125  , 1.27e+05, 2.582             
163            123  , 92   , 2540                 110  , 118  , 2644                 149  , 118  , 2673                 53   , 197  , 2399                 202  , 176  , 2530                 129  , 168  , 2426                 125  , 1.27e+05, 2.602             
164            123  , 92   , 2540                 110  , 120  , 2654                 153  , 120  , 2673                 56   , 193  , 2460                 207  , 182  , 2706                 129  , 168  , 2408                 125  , 1.27e+05, 2.601             
165            123  , 92   , 2540                 106  , 120  , 2625                 149  , 118  , 2665                 60   , 193  , 2633                 201  , 178  , 2567                 129  , 168  , 2569                 125  , 1.27e+05, 2.571             
166            123  , 92   , 2540                 109  , 118  , 2567                 149  , 118  , 2736                 53   , 195  , 2376                 201  , 178  , 2567                 129  , 168  , 2426                 125  , 1.27e+05, 2.561             
167            123  , 92   , 2540                 110  , 118  , 2644                 151  , 118  , 2625                 56   , 197  , 2649                 201  , 178  , 2567                 129  , 170  , 2460                 125  , 1.27e+05, 2.581             
168            123  , 92   , 2540                 107  , 118  , 2594                 149  , 116  , 2736                 56   , 197  , 2649                 201  , 178  , 2567                 131  , 168  , 2376                 125  , 1.27e+05, 2.568             
169            123  , 92   , 2540                 109  , 118  , 2594                 149  , 116  , 2673                 53   , 197  , 2408                 201  , 178  , 2567                 131  , 166  , 2408                 125  , 1.27e+05, 2.559             
170            123  , 92   , 2540                 110  , 118  , 2615                 151  , 116  , 2706                 54   , 193  , 2466                 201  , 178  , 2567                 131  , 166  , 2376                 125  , 1.27e+05, 2.635             
171            123  , 92   , 2540                 110  , 120  , 2612                 149  , 116  , 2654                 54   , 193  , 2466                 201  , 178  , 2567                 129  , 168  , 2589                 125  , 1.27e+05, 2.624             
172            123  , 92   , 2540                 105  , 120  , 2520                 151  , 116  , 2594                 54   , 193  , 2466                 201  , 178  , 2567                 129  , 168  , 2460                 125  , 1.27e+05, 2.627             
173            123  , 92   , 2540                 107  , 118  , 2557                 151  , 118  , 2594                 56   , 172  , 2687                 201  , 178  , 2567                 131  , 170  , 2602                 125  , 1.27e+05, 2.629             
174            123  , 92   , 2540                 106  , 116  , 2649                 149  , 116  , 2584                 56   , 197  , 2652                 201  , 178  , 2567                 131  , 164  , 2393                 125  , 1.27e+05, 2.569             
175            123  , 92   , 2540                 110  , 120  , 2628                 149  , 120  , 2625                 54   , 176  , 2460                 201  , 178  , 2567                 131  , 168  , 2361                 125  , 1.27e+05, 2.564             
176            123  , 92   , 2540                 108  , 118  , 2623                 151  , 122  , 2625                 52   , 176  , 2652                 201  , 178  , 2567                 125  , 166  , 2393                 125  , 1.27e+05, 2.6               
177            123  , 92   , 2540                 108  , 118  , 2636                 151  , 118  , 2605                 54   , 176  , 2494                 201  , 178  , 2567                 131  , 168  , 2426                 125  , 1.27e+05, 2.59              
178            123  , 92   , 2540                 107  , 116  , 2557                 145  , 116  , 2644                 54   , 193  , 2450                 201  , 178  , 2567                 129  , 168  , 2592                 125  , 1.27e+05, 2.582             
179            123  , 92   , 2540                 108  , 120  , 2615                 153  , 120  , 2665                 54   , 193  , 2450                 201  , 178  , 2567                 131  , 168  , 2408                 125  , 1.27e+05, 2.573             
180            123  , 92   , 2540                 107  , 120  , 2530                 151  , 118  , 2633                 66   , 182  , 2673                 201  , 178  , 2567                 131  , 164  , 2393                 125  , 1.27e+05, 2.573             
181            123  , 92   , 2540                 107  , 130  , 2511                 151  , 130  , 2520                 51   , 189  , 2408                 201  , 178  , 2567                 131  , 174  , 2600                 125  , 1.27e+05, 2.591             
182            123  , 92   , 2540                 109  , 130  , 2511                 149  , 124  , 2547                 51   , 189  , 2408                 201  , 178  , 2567                 131  , 170  , 2384                 125  , 1.27e+05, 2.556             
183            123  , 92   , 2540                 108  , 118  , 2706                 151  , 122  , 2684                 51   , 189  , 2408                 201  , 178  , 2567                 133  , 168  , 2367                 125  , 1.27e+05, 2.598             
184            123  , 92   , 2540                 108  , 120  , 2618                 153  , 118  , 2673                 58   , 197  , 2649                 201  , 178  , 2567                 131  , 166  , 2384                 125  , 1.27e+05, 2.561             
185            123  , 92   , 2540                 109  , 118  , 2577                 151  , 118  , 2714                 58   , 197  , 2649                 201  , 178  , 2567                 131  , 166  , 2408                 125  , 1.27e+05, 2.595             
186            123  , 92   , 2540                 110  , 112  , 2654                 153  , 120  , 2736                 58   , 197  , 2649                 201  , 178  , 2567                 131  , 164  , 2426                 125  , 1.27e+05, 2.573             
187            123  , 92   , 2540                 108  , 122  , 2633                 145  , 120  , 2652                 58   , 197  , 2649                 201  , 178  , 2567                 127  , 170  , 2554                 125  , 1.27e+05, 2.622             
188            123  , 92   , 2540                 109  , 118  , 2408                 151  , 116  , 2605                 58   , 197  , 2649                 201  , 178  , 2567                 129  , 168  , 2537                 125  , 1.27e+05, 2.608             
189            123  , 92   , 2540                 110  , 128  , 2628                 151  , 116  , 2654                 60   , 193  , 2511                 201  , 178  , 2567                 131  , 168  , 2441                 125  , 1.27e+05, 2.612             
190            123  , 92   , 2540                 107  , 126  , 2584                 151  , 126  , 2584                 59   , 166  , 2858                 201  , 178  , 2567                 131  , 172  , 2432                 125  , 1.27e+05, 2.601             
191            123  , 92   , 2540                 107  , 118  , 2530                 153  , 118  , 2665                 56   , 195  , 2476                 201  , 178  , 2567                 129  , 168  , 2589                 125  , 1.27e+05, 2.574             
192            123  , 92   , 2540                 109  , 132  , 2476                 151  , 122  , 2684                 56   , 195  , 2476                 201  , 178  , 2567                 131  , 170  , 2584                 125  , 1.27e+05, 2.626             
193            123  , 92   , 2540                 109  , 134  , 2494                 154  , 118  , 2759                 56   , 195  , 2476                 201  , 178  , 2567                 131  , 166  , 2460                 125  , 1.27e+05, 2.639             
194            123  , 92   , 2540                 109  , 118  , 2597                 143  , 116  , 2638                 56   , 195  , 2476                 201  , 178  , 2567                 133  , 166  , 2384                 125  , 1.27e+05, 2.565             
195            123  , 92   , 2540                 109  , 130  , 2530                 151  , 122  , 2654                 56   , 195  , 2476                 201  , 178  , 2567                 131  , 170  , 2460                 125  , 1.27e+05, 2.549             
196            123  , 92   , 2540                 110  , 124  , 2628                 151  , 120  , 2695                 56   , 195  , 2476                 201  , 178  , 2567                 129  , 168  , 2426                 125  , 1.27e+05, 2.641             
197            123  , 92   , 2540                 110  , 118  , 2836                 151  , 118  , 2605                 56   , 197  , 2636                 201  , 178  , 2567                 131  , 168  , 2384                 125  , 1.27e+05, 2.623             
198            123  , 92   , 2540                 108  , 120  , 2605                 149  , 120  , 2725                 56   , 197  , 2636                 201  , 164  , 2858                 131  , 168  , 2417                 125  , 1.27e+05, 2.605             
199            123  , 92   , 2540                 109  , 128  , 2393                 149  , 120  , 2644                 53   , 197  , 2384                 201  , 178  , 2615                 127  , 168  , 2605                 125  , 1.27e+05, 2.573             
200            123  , 92   , 2540                 108  , 120  , 2618                 149  , 120  , 2736                 58   , 195  , 2641                 201  , 178  , 2615                 131  , 168  , 2432                 125  , 1.27e+05, 2.584             
201            123  , 92   , 2540                 110  , 120  , 2610                 151  , 118  , 2673                 58   , 193  , 2485                 201  , 178  , 2615                 133  , 164  , 2408                 125  , 1.27e+05, 2.621             
202            123  , 92   , 2540                 107  , 120  , 2557                 149  , 120  , 2665                 66   , 182  , 2638                 201  , 178  , 2615                 125  , 164  , 2530                 125  , 1.27e+05, 2.562             
203            123  , 92   , 2540                 107  , 120  , 2530                 153  , 118  , 2625                 53   , 191  , 2417                 201  , 178  , 2615                 135  , 166  , 2504                 125  , 1.27e+05, 2.571             
204            123  , 92   , 2540                 108  , 124  , 2641                 151  , 116  , 2567                 53   , 191  , 2417                 202  , 178  , 2441                 131  , 166  , 2426                 125  , 1.27e+05, 2.605             
205            123  , 92   , 2540                 109  , 116  , 2547                 151  , 120  , 2714                 53   , 191  , 2417                 199  , 178  , 2615                 131  , 166  , 2399                 125  , 1.27e+05, 2.629             
206            123  , 92   , 2540                 107  , 120  , 2584                 153  , 120  , 2748                 58   , 195  , 2657                 199  , 178  , 2615                 131  , 170  , 2633                 125  , 1.27e+05, 2.554             
207            123  , 92   , 2540                 107  , 120  , 2540                 152  , 116  , 2791                 52   , 191  , 2432                 199  , 178  , 2615                 127  , 166  , 2592                 125  , 1.27e+05, 2.615             
208            123  , 92   , 2540                 112  , 118  , 2695                 149  , 114  , 2684                 52   , 191  , 2432                 199  , 178  , 2615                 129  , 166  , 2562                 125  , 1.27e+05, 2.619             
209            123  , 92   , 2540                 108  , 120  , 2615                 149  , 120  , 2633                 52   , 191  , 2432                 199  , 178  , 2615                 129  , 170  , 2542                 125  , 1.27e+05, 2.623             
210            123  , 92   , 2540                 109  , 120  , 2587                 149  , 120  , 2736                 52   , 191  , 2432                 199  , 178  , 2615                 131  , 170  , 2636                 125  , 1.27e+05, 2.588             
211            123  , 92   , 2540                 109  , 130  , 2504                 151  , 120  , 2644                 62   , 189  , 2628                 199  , 178  , 2615                 129  , 168  , 2441                 125  , 1.27e+05, 2.564             
212            123  , 92   , 2540                 110  , 116  , 2673                 151  , 118  , 2665                 62   , 189  , 2628                 199  , 178  , 2615                 129  , 166  , 2432                 128  , 1.27e+05, 2.638             
213            123  , 92   , 2540                 110  , 118  , 2736                 151  , 116  , 2706                 62   , 189  , 2628                 199  , 178  , 2615                 131  , 166  , 2408                 128  , 1.27e+05, 2.653             
214            123  , 92   , 2540                 112  , 118  , 2812                 152  , 118  , 2748                 54   , 191  , 2460                 199  , 178  , 2615                 129  , 166  , 2620                 128  , 1.27e+05, 2.68              
215            123  , 92   , 2540                 110  , 116  , 2725                 147  , 116  , 2654                 54   , 191  , 2460                 200  , 178  , 2460                 129  , 166  , 2518                 128  , 1.27e+05, 2.633             
216            123  , 92   , 2540                 106  , 120  , 2684                 147  , 120  , 2654                 54   , 191  , 2460                 200  , 178  , 2460                 131  , 168  , 2557                 128  , 1.27e+05, 2.638             
217            123  , 92   , 2540                 108  , 120  , 2684                 151  , 120  , 2584                 54   , 191  , 2460                 207  , 170  , 2657                 129  , 166  , 2450                 128  , 1.27e+05, 2.579             
218            123  , 92   , 2540                 107  , 130  , 2547                 149  , 120  , 2594                 54   , 191  , 2460                 201  , 178  , 2540                 129  , 170  , 2644                 128  , 1.27e+05, 2.607             
219            123  , 92   , 2540                 109  , 122  , 2564                 151  , 122  , 2736                 54   , 191  , 2460                 195  , 180  , 2711                 131  , 174  , 2577                 128  , 1.27e+05, 2.62              
220            123  , 92   , 2540                 107  , 116  , 2557                 151  , 116  , 2684                 58   , 195  , 2625                 201  , 180  , 2535                 131  , 164  , 2600                 128  , 1.27e+05, 2.58              
221            123  , 92   , 2540                 109  , 134  , 2584                 151  , 122  , 2654                 58   , 195  , 2625                 201  , 180  , 2535                 133  , 170  , 2393                 128  , 1.27e+05, 2.624             
222            123  , 92   , 2540                 110  , 120  , 2652                 147  , 120  , 2684                 54   , 191  , 2441                 201  , 180  , 2535                 129  , 168  , 2426                 128  , 1.27e+05, 2.675             
223            123  , 92   , 2540                 108  , 120  , 2714                 151  , 118  , 2706                 54   , 191  , 2441                 201  , 180  , 2535                 131  , 164  , 2506                 128  , 1.27e+05, 2.572             
224            123  , 92   , 2540                 111  , 118  , 2540                 151  , 120  , 2714                 54   , 191  , 2441                 201  , 180  , 2535                 131  , 168  , 2557                 128  , 1.27e+05, 2.582             
225            123  , 92   , 2540                 107  , 118  , 2594                 149  , 118  , 2736                 54   , 191  , 2441                 201  , 180  , 2535                 131  , 168  , 2504                 128  , 1.27e+05, 2.636             
226            123  , 92   , 2540                 111  , 118  , 2520                 153  , 118  , 2714                 54   , 191  , 2441                 201  , 180  , 2535                 131  , 166  , 2408                 128  , 1.27e+05, 2.627             
227            123  , 92   , 2540                 107  , 116  , 2511                 154  , 118  , 2791                 54   , 191  , 2441                 201  , 180  , 2535                 129  , 166  , 2417                 128  , 1.27e+05, 2.667             
228            123  , 92   , 2540                 110  , 118  , 2695                 151  , 116  , 2625                 54   , 191  , 2441                 201  , 180  , 2535                 131  , 166  , 2399                 128  , 1.27e+05, 2.597             
229            123  , 92   , 2540                 107  , 122  , 2589                 151  , 120  , 2706                 54   , 191  , 2441                 201  , 180  , 2535                 131  , 170  , 2450                 128  , 1.27e+05, 2.596             
230            123  , 92   , 2540                 108  , 120  , 2625                 151  , 120  , 2644                 54   , 191  , 2441                 201  , 180  , 2535                 133  , 164  , 2417                 128  , 1.27e+05, 2.613             
231            123  , 92   , 2540                 112  , 136  , 2631                 146  , 124  , 2812                 54   , 191  , 2441                 201  , 180  , 2535                 131  , 172  , 2605                 128  , 1.27e+05, 2.601             
232            123  , 92   , 2540                 112  , 120  , 2612                 149  , 120  , 2714                 54   , 191  , 2441                 201  , 180  , 2535                 129  , 168  , 2615                 128  , 1.27e+05, 2.624             
233            123  , 92   , 2540                 109  , 120  , 2530                 147  , 120  , 2665                 54   , 191  , 2441                 201  , 180  , 2535                 127  , 168  , 2567                 128  , 1.27e+05, 2.591             
234            123  , 92   , 2540                 110  , 120  , 2625                 151  , 120  , 2684                 54   , 191  , 2441                 201  , 180  , 2535                 129  , 168  , 2537                 128  , 1.27e+05, 2.618             
235            123  , 92   , 2540                 110  , 122  , 2605                 151  , 118  , 2684                 54   , 191  , 2441                 201  , 180  , 2535                 129  , 168  , 2582                 128  , 1.27e+05, 2.658             
236            123  , 92   , 2540                 111  , 138  , 2540                 153  , 122  , 2594                 54   , 191  , 2441                 201  , 180  , 2535                 131  , 168  , 2426                 128  , 1.27e+05, 2.618             
237            123  , 92   , 2540                 108  , 120  , 2607                 151  , 118  , 2695                 54   , 191  , 2441                 201  , 180  , 2535                 131  , 168  , 2408                 128  , 1.27e+05, 2.57              
238            123  , 92   , 2540                 110  , 120  , 2673                 149  , 120  , 2644                 54   , 191  , 2441                 201  , 180  , 2535                 129  , 168  , 2426                 128  , 1.27e+05, 2.655             
239            123  , 92   , 2540                 111  , 118  , 2602                 149  , 118  , 2633                 54   , 191  , 2441                 201  , 180  , 2535                 129  , 168  , 2393                 128  , 1.27e+05, 2.572             
240            123  , 92   , 2540                 110  , 120  , 2644                 149  , 118  , 2644                 54   , 191  , 2441                 201  , 180  , 2535                 129  , 166  , 2535                 128  , 1.27e+05, 2.592             
241            123  , 92   , 2540                 110  , 116  , 2673                 151  , 118  , 2714                 54   , 191  , 2441                 201  , 180  , 2535                 133  , 166  , 2460                 128  , 1.27e+05, 2.571             
242            123  , 92   , 2540                 109  , 118  , 2594                 147  , 116  , 2584                 56   , 197  , 2577                 201  , 180  , 2535                 129  , 166  , 2432                 128  , 1.27e+05, 2.596             
243            123  , 92   , 2540                 111  , 118  , 2441                 149  , 114  , 2584                 53   , 191  , 2399                 201  , 180  , 2535                 129  , 166  , 2618                 128  , 1.27e+05, 2.642             
244            123  , 92   , 2540                 109  , 120  , 2597                 147  , 118  , 2625                 53   , 191  , 2399                 201  , 180  , 2535                 131  , 168  , 2432                 128  , 1.27e+05, 2.584             
245            123  , 92   , 2540                 108  , 118  , 2625                 151  , 116  , 2605                 53   , 191  , 2399                 201  , 180  , 2535                 129  , 168  , 2620                 128  , 1.27e+05, 2.599             
246            123  , 92   , 2540                 110  , 120  , 2607                 151  , 116  , 2725                 53   , 191  , 2399                 201  , 180  , 2535                 133  , 166  , 2426                 128  , 1.27e+05, 2.542             
247            123  , 92   , 2540                 110  , 130  , 2631                 147  , 120  , 2644                 53   , 191  , 2399                 201  , 180  , 2535                 129  , 170  , 2426                 128  , 1.27e+05, 2.627             
248            123  , 92   , 2540                 109  , 118  , 2577                 149  , 118  , 2644                 53   , 191  , 2399                 201  , 180  , 2535                 129  , 168  , 2432                 128  , 1.27e+05, 2.694             
249            123  , 92   , 2540                 107  , 118  , 2547                 151  , 118  , 2673                 53   , 191  , 2399                 201  , 180  , 2535                 129  , 168  , 2460                 128  , 1.27e+05, 2.572             
250            125  , 98   , 2520                 109  , 120  , 2602                 154  , 120  , 2812                 60   , 195  , 2641                 203  , 176  , 2605                 131  , 170  , 2552                 128  , 1.27e+05, 2.625             
251            124  , 94   , 2291                 108  , 118  , 2654                 151  , 118  , 2605                 56   , 193  , 2476                 203  , 176  , 2605                 129  , 168  , 2417                 128  , 1.27e+05, 2.621             
252            123  , 96   , 2460                 109  , 122  , 2582                 153  , 118  , 2633                 56   , 197  , 2636                 203  , 176  , 2605                 131  , 168  , 2450                 128  , 1.27e+05, 2.579             
253            123  , 96   , 2460                 109  , 122  , 2577                 149  , 122  , 2706                 54   , 191  , 2476                 203  , 162  , 2748                 129  , 170  , 2610                 128  , 1.27e+05, 2.578             
254            123  , 96   , 2460                 108  , 116  , 2714                 151  , 116  , 2633                 54   , 191  , 2476                 203  , 162  , 2748                 129  , 168  , 2426                 128  , 1.27e+05, 2.632             
255            123  , 96   , 2460                 109  , 116  , 2520                 151  , 122  , 2725                 54   , 191  , 2476                 199  , 178  , 2660                 129  , 168  , 2523                 128  , 1.27e+05, 2.673             
256            123  , 96   , 2460                 109  , 116  , 2432                 151  , 116  , 2665                 54   , 197  , 2607                 186  , 158  , 2930                 131  , 166  , 2408                 128  , 1.27e+05, 2.547             
257            123  , 96   , 2460                 110  , 118  , 2605                 151  , 118  , 2644                 64   , 189  , 2644                 207  , 176  , 2628                 129  , 170  , 2417                 128  , 1.27e+05, 2.688             
258            123  , 96   , 2460                 107  , 118  , 2361                 149  , 116  , 2654                 54   , 193  , 2450                 207  , 176  , 2628                 131  , 168  , 2494                 128  , 1.27e+05, 2.75              
259            123  , 96   , 2460                 109  , 118  , 2530                 151  , 118  , 2695                 54   , 193  , 2450                 207  , 176  , 2628                 129  , 166  , 2584                 128  , 1.27e+05, 2.615             
260            123  , 96   , 2460                 111  , 118  , 2408                 151  , 118  , 2695                 54   , 193  , 2450                 199  , 178  , 2625                 129  , 168  , 2545                 128  , 1.27e+05, 2.611             
261            123  , 96   , 2460                 110  , 118  , 2654                 151  , 118  , 2725                 54   , 193  , 2450                 199  , 178  , 2625                 129  , 168  , 2476                 128  , 1.27e+05, 2.689             
262            123  , 96   , 2460                 109  , 120  , 2584                 151  , 118  , 2567                 58   , 195  , 2615                 199  , 178  , 2625                 131  , 168  , 2466                 128  , 1.27e+05, 2.652             
263            123  , 96   , 2460                 110  , 118  , 2641                 149  , 118  , 2625                 58   , 195  , 2615                 199  , 178  , 2625                 131  , 168  , 2579                 128  , 1.27e+05, 2.62              
264            123  , 86   , 2605                 110  , 120  , 2654                 151  , 116  , 2567                 58   , 195  , 2460                 199  , 178  , 2625                 129  , 160  , 2577                 128  , 1.27e+05, 2.652             
265            123  , 86   , 2605                 110  , 120  , 2695                 149  , 120  , 2665                 58   , 195  , 2460                 199  , 178  , 2625                 129  , 168  , 2476                 128  , 1.27e+05, 2.58              
266            123  , 86   , 2605                 109  , 128  , 2602                 153  , 118  , 2633                 58   , 195  , 2460                 199  , 178  , 2625                 129  , 170  , 2417                 128  , 1.27e+05, 2.575             
267            123  , 86   , 2605                 113  , 132  , 2594                 155  , 120  , 2695                 62   , 195  , 2494                 199  , 178  , 2625                 135  , 172  , 2361                 128  , 1.27e+05, 2.598             
268            147  , 102  , 2557                 121  , 130  , 2567                 169  , 124  , 2748                 73   , 193  , 2476                 214  , 182  , 2511                 143  , 168  , 2460                 130  , 1.27e+05, 2.748             
269            167  , 92   , 2594                 144  , 126  , 2748                 181  , 124  , 2654                 99   , 193  , 2376                 226  , 166  , 2530                 165  , 172  , 2662                 130  , 1.27e+05, 2.628             
270            185  , 84   , 2615                 169  , 108  , 2695                 205  , 116  , 2768                 139  , 182  , 2399                 242  , 134  , 2600                 189  , 164  , 2520                 162  , 1.27e+05, 2.695             
271            0    , 0    , 0                    0    , 0    , 0                    0    , 0    , 0                    0    , 0    , 0                    0    , 0    , 0                    0    , 0    , 0                    0    , 0    , 0                    
272            0    , 0    , 0                    0    , 0    , 0                    0    , 0    , 0                    0    , 0    , 0                    0    , 0    , 0                    0    , 0    , 0                    0    , 0    , 0                    
273            0    , 0    , 0                    0    , 0    , 0                    0    , 0    , 0                    0    , 0    , 0                    0    , 0    , 0                    0    , 0    , 0                    0    , 0    , 0                    
274            0    , 0    , 0                    0    , 0    , 0                    0    , 0    , 0                    0    , 0    , 0                    0    , 0    , 0                    0    , 0    , 0                    0    , 0    , 0                    
